# callgrind format
version: 1
creator: callgrind-3.16.1
pid: 27983
cmd:  ./fast
part: 1


desc: I1 cache: 
desc: D1 cache: 
desc: LL cache: 

desc: Timerange: Basic block 0 - 37910167
desc: Trigger: Program termination

positions: line
events: Ir
summary: 163878462


ob=(4) /usr/lib/x86_64-linux-gnu/valgrind/vgpreload_core-amd64-linux.so
fl=(89) ???
fn=(586) 0x0000000000001050
0 5

fn=(576) 0x00000000000010c0
0 8
cob=(2) ???
cfi=(17) ???
cfn=(582) 0x000000000482e040
calls=1 0 
0 75
0 1
cfn=(586)
calls=1 0 
0 5
0 3

fn=(330) 0x0000000000001100
0 11

ob=(5) /home/ismael/Documents/FIB/tercer/PCA/challenge/fast
fl=(97) ???
fn=(358) _start
0 11
cob=(3) /usr/lib/x86_64-linux-gnu/libc-2.31.so
cfi=(98) ./csu/../csu/libc-start.c
cfn=(360) (below main)
calls=1 137 
0 163744427

fn=(376) 0x0000000000001210
0 11

fn=(408) barning_PPT_tree
0 16603
cfn=(409) barning_PPT_tree'2
calls=223 0 
0 2363627
0 2453
cfn=(409)
calls=223 0 
0 5347048
0 892

fn=(409)
0 6845430
cfn=(409)
calls=28527 0 
0 9296638
0 605357
cfn=(409)
calls=64972 0 
0 88879402
0 259888

fn=(550) 0x00000000000011d0
0 8
cob=(2)
cfi=(17)
cfn=(556) 0x0000000000109060
calls=1 0 
0 75
0 1
cfn=(568) 0x0000000000001160
calls=1 0 
0 5
0 3

fn=(568)
0 5

fn=(388) main
0 9
cob=(1) /usr/lib/x86_64-linux-gnu/ld-2.31.so
cfi=(104) ./elf/../sysdeps/x86_64/dl-trampoline.h
cfn=(396) _dl_runtime_resolve_xsave
calls=1 72 
0 1000675
0 5
0 4
cob=(3)
cfi=(107) ./string/../sysdeps/x86_64/multiarch/memset-vec-unaligned-erms.S
cfn=(404) __memset_avx2_unaligned_erms
calls=1 170 
0 4000020
0 1
0 4
cfn=(408)
calls=1 0 
0 7730623
0 6399983
cob=(3)
cfi=(129) ./stdio-common/printf.c
cfn=(498) printf
calls=99999 28 
0 62856398
cob=(1)
cfi=(104)
cfn=(396)
calls=1 72 
0 1741
0 100004
0 400004
cob=(3)
cfi=(108) ./stdio-common/isoc99_scanf.c
cfn=(414) __isoc99_scanf
calls=100000 25 
0 80776614
cob=(1)
cfi=(104)
cfn=(396)
calls=1 72 
0 76660
0 100005
0 300008

fn=(370) __libc_csu_init
0 14
cob=(2)
cfi=(17)
cfn=(372) 0x0000000000109000
calls=1 0 
0 6
0 8
cfn=(376)
calls=1 0 
0 11
0 11

ob=(2)
fl=(17)
fn=(556)
0 1
cob=(3)
cfi=(141) ./stdlib/cxa_finalize.c
cfn=(558) __cxa_finalize
calls=1 30 
0 74

fn=(574) 0x0000000000109374
0 3

fn=(592) 0x000000000482e278
0 3

fn=(92) 0x0000000004001080
0 4
cob=(1)
cfi=(18) ./elf/dl-minimal.c
cfn=(94) free
calls=4 111 
0 16

fn=(372)
0 6

fn=(582)
0 1
cob=(3)
cfi=(141)
cfn=(558)
calls=1 30 
0 74

fn=(434) 0x000000000488b308
0 2
cob=(3)
cfi=(115) ./malloc/malloc.c
cfn=(436) malloc
calls=2 3031 
0 75105

fn=(326) 0x000000000482e000
0 6

ob=(1)
fl=(105) ./elf/../elf/dl-runtime.c
fn=(398) _dl_fixup
66 10
+6 10
-6 5
+3 10
+3 15
-4 5
+5 5
+2 5
-2 25
+2 5
-2 5
+2 5
+5 10
+4 10
+4 15
+4 10
+1 20
-7 20
+16 5
-1 5
+1 10
+10 50
cfi=(6) ./elf/dl-lookup.c
cfn=(200) _dl_lookup_symbol_x
calls=5 841 
* 2993
* 5
+4 25
+10 45
+7 5
+8 20
+4 15
fi=(5) ./elf/../sysdeps/x86_64/dl-machine.h
+97 5
fe=(105)
-93 20
fi=(106) ./elf/../sysdeps/x86_64/dl-irel.h
32 1
cob=(3)
cfi=(70) ./string/../sysdeps/x86_64/multiarch/ifunc-memset.h
cfn=(240) memset
calls=1 +18 
* 29
* 2
fe=(105)

fl=(37) ./setjmp/../sysdeps/x86_64/setjmp.S
fn=(118) __sigsetjmp
32 3
+9 3
+1 6
+1 3
+4 3
+1 3
+1 3
+1 3
+1 3
+2 6
+2 3
+1 3
+3 6
+2 3
+19 3
+1 3

fl=(36) ./elf/dl-error-skeleton.c
fn=(116) _dl_catch_exception
175 6
+5 3
-5 9
+5 3
-2 6
+21 3
+7 6
-7 3
+1 6
+3 6
+3 3
cfi=(37)
cfn=(118)
calls=3 32 
* 57
* 9
+2 9
cfi=(48) ./elf/dl-deps.c
cfn=(152) openaux
calls=2 61 
* 7284
cfi=(2) ./elf/rtld.c
cfn=(120) map_doit
calls=1 642 
* 2462
+2 3
-1 3
+1 3
-1 3
+1 6
+9 12

fn=(112) _dl_catch_error
225 9
+2 2
cfn=(116)
calls=1 -52 
* 2515
* 1
+1 2
+1 1
+1 1
-1 1
+1 1
+2 5

fn=(176) _dl_receive_error
238 5
+1 1
+1 1
+3 1
+1 1
+2 1
cfi=(2)
cfn=(178) version_check_doit
calls=1 675 
* 2660
+2 1
+1 1
+1 4

fl=(55) ./elf/dl-sort-maps.c
fn=(174) _dl_sort_maps
28 24
+2 4
+4 4
+1 2
-2 2
+1 16
+1 4
cfi=(29) ./string/../sysdeps/x86_64/multiarch/memset-vec-unaligned-erms.S
cfn=(78) memset
calls=2 +79 
* 30
* 18
+4 4
+3 2
-3 4
+1 6
+2 2
-3 8
+3 4
-3 8
+1 12
+2 4
+12 24
+2 12
+1 8
-1 6
+1 4
+33 12
-36 24
+61 18
-31 8
-25 18
+1 12
+58 28
cfi=(29)
cfn=(78)
calls=4 -4 
* 64
* 16
-28 9
-44 12
+69 2
+7 16

fl=(8) ./elf/dl-tunables.c
fn=(14) __GI___tunables_init
286 8
-9 4
67 218
+6 71
-3 71
+3 5662
-6 142
361 8
77 142
+5 71
-15 71
fi=(9) ./elf/dl-tunables.h
+52 71
fe=(8)
-37 213
-9 142
fi=(9)
+47 172
-1 45
+5 15
-5 30
+1 172
fe=(8)
327 284
-12 9940
fi=(9)
119 1278
fe=(8)
-52 639
fi=(9)
+52 1917
+1 54
-1 801
+1 1971
fe=(8)
309 7952
70 142

fn=(26) __tunable_get_val
370 120
+9 20
-9 78
+9 3
+17 100
+2 20
-9 17
+1 17

fl=(25) ./posix/../sysdeps/unix/syscall-template.S
fn=(68) uname
120 4
+2 1

fl=(10) ./elf/../sysdeps/unix/sysv/linux/dl-sysdep.c
fn=(66) _dl_discover_osversion
46 4
+2 3
+40 2
cfi=(25)
cfn=(68)
calls=1 +32 
* 5
+15 1
-15 2
+20 1
-1 1
+3 12
+4 3
-2 6
+2 10
+3 1
-1 1
+1 3
-3 4
+7 3
-1 3
+4 3
-2 3
+2 10
+8 1
+1 5
-4 2

fl=(49) ./io/../sysdeps/unix/sysv/linux/wordsize-64/xstat.c
fn=(156) _xstat
33 48
+1 32
+1 64
+4 2
-4 56

fl=(2)
fn=(2) _dl_start
499 9
67 3
fi=(5)
-8 1
fe=(2)
+8 1
fi=(3) ./elf/get-dynamic-info.h
-19 1
fi=(5)
+11 2
fe=(2)
543 1
-3 1
fi=(3)
48 2
+15 1
+5 1
+3 1
+1 1
+1 1
-4 1
-2 1
-3 2
-1 20
+1 12
-16 4
+26 4
-26 9
+26 1
-26 2
+2 36
+17 13
-19 13
+26 13
-26 26
+33 2
+20 4
+1 4
+1 4
+1 4
+2 4
+5 4
+1 4
+1 4
+5 3
+5 2
+7 3
+1 3
+8 3
+3 3
+4 2
+1 2
fe=(2)
554 2
+7 1
67 1
466 1
67 3
466 1
cfi=(6)
cfn=(10) _dl_setup_hash
calls=1 964 
* 23
+1 1
+18 2
-18 1
+1 2
+1 2
+1 2
+9 1
+6 1
cfi=(7) ./elf/../elf/dl-sysdep.c
cfn=(12) _dl_sysdep_start
calls=1 89 
* 130824
* 1
+2 2
+99 9
fi=(3)
65 5
+3 4
fe=(2)
559 7
fi=(4) ./elf/do-rel.h
46 1
fe=(2)
559 3
fi=(4)
86 3
fe=(2)
559 4
fi=(4)
47 1
fe=(2)
559 3
fi=(4)
47 3
+37 1
-1 1
+28 3
+1 2
fi=(5)
547 2
fi=(4)
112 86
fi=(5)
547 86
+1 44
fi=(4)
111 44
fi=(5)
548 88
fi=(4)
111 88
+5 2
fi=(5)
427 1
fi=(4)
124 2
fi=(5)
339 18
fi=(4)
124 27
+12 9
+3 9
-3 9
fi=(5)
301 9
fi=(4)
139 9
-3 9
+1 18
fi=(5)
301 18
+8 90
+3 18
+27 45
fi=(3)
71 4
+1 2
+1 2
fi=(5)
359 18
+1 9
fe=(2)

fn=(52) rtld_lock_default_lock_recursive
841 5
+1 5

fn=(120)
642 1
+2 1
-2 1
+2 1
+1 2
-1 2
+1 3
cfi=(26) ./elf/dl-load.c
cfn=(122) _dl_map_object
calls=1 1927 
* 2448
* 1
+2 2

fn=(32) dl_main
1127 1
+15 1
-15 4
2706 1
1127 6
+15 1
+4 2
+1 2
+5 2
2554 1
1127 1
2554 1
+7 1
1127 1
2561 2
1127 1
215 1
2561 1
216 1
2561 1
217 1
2561 1
-4 1
-1 2
+7 2
cfi=(15) ./elf/dl-environ.c
cfn=(34) _dl_next_ld_env_entry
calls=1 29 
* 44
* 4
cfi=(15)
cfn=(34)
calls=2 29 
* 414
* 9
+4 6
-2 2
+2 6
+1 2
-1 6
+1 17
-1 89
+9 12
2725 3
+32 3
1162 4
2652 3
+1 3
-56 2
+7 2
1370 7
cfi=(16) ./elf/dl-object.c
cfn=(36) _dl_new_object
calls=1 59 
* 291
* 1
+2 2
+1 1
+1 1
+5 2
-5 1
+1 3
+4 1
cfi=(16)
cfn=(50) _dl_add_to_namespace_list
calls=1 31 
* 32
+1 2
1136 1
1409 1
-3 1
-5 1
+8 1
-7 1
+2 1
+5 4
+56 1
1133 1
1465 2
-37 1
+22 1
+15 2
-55 99
+95 2
+1 2
+1 1
-98 21
1518 1
+3 1
+2 1
-5 2
+3 2
+2 2
+2 2
+13 3
+3 1
-2 1
+2 1
-2 2
+2 1
-2 2
cfi=(21) ./string/../sysdeps/x86_64/strcmp.S
cfn=(56) strcmp
calls=1 144 
* 24
* 2
+10 1
-3 1
-2 1
+3 1
+2 2
+1 2
+4 2
+2 2
fi=(3)
33 1
+9 2
+6 1
-2 1
+2 2
+15 1
+5 1
+3 1
-2 1
-2 1
-3 2
-1 24
+1 15
-16 5
+26 5
-26 11
+26 1
-26 2
+2 50
+17 19
-19 19
+26 19
-26 38
+33 3
+20 3
+1 4
+1 4
+1 4
+2 4
+5 4
+1 4
+1 4
+5 3
+5 2
+7 2
+1 3
+18 3
+14 3
+2 3
+1 2
+9 2
+5 2
+3 2
fe=(2)
1561 2
cfi=(6)
cfn=(10)
calls=1 964 
* 23
+3 2
fi=(22) ./elf/./setup-vdso.h
24 2
fi=(24) ./elf/../sysdeps/unix/sysv/linux/dl-vdso-setup.h
+21 1
fe=(2)
1589 2
cfi=(10)
cfn=(66)
calls=1 46 
* 89
* 8
1414 1
-5 1
+5 2
-5 2
+29 1
-9 1
+27 1
-27 1
+2 1
-3 1
+10 2
-19 1
-10 1
+10 2
-10 2
+56 4
-1 4
+1 8
-1 4
+2 8
+1 1
+3 2
+1 2
-1 6
+1 6
+1 4
+1 10
-64 1
+65 1
-65 2
+92 1
-92 1
+92 1
-92 2
fi=(3)
65 5
+3 4
+3 4
+1 2
+1 2
fi=(23) ./elf/../sysdeps/unix/sysv/linux/dl-vdso.h
-33 1
+1 2
fe=(2)
1594 2
cfi=(26)
cfn=(70) _dl_init_paths
calls=1 681 
* 2650
+3 3
cfi=(33) ./elf/dl-debug.c
cfn=(98) _dl_debug_initialize
calls=1 49 
* 17
+7 1
-7 1
+2 1
+5 1
+4 1
+3 1
-3 3
+1 2
+3 1
+5 1
-7 1
+7 1
+18 2
+1 2
+5 1
-3 2
+2 1
+1 2
+5 3
+1 5
-1 2
+9 2
+6 2
1137 1
1660 1
+25 1
cfi=(34) ./elf/../elf/dl-tls.c
cfn=(100) _dl_count_modids
calls=1 169 
* 5
* 1
+8 3
+3 2
+4 3
+5 2
+1 1
cfi=(33)
cfn=(102) _dl_debug_state
calls=1 74 
* 1
+5 3
+16 3
+2 1
+2 2
+8 2
+15 3
cfi=(47) ./io/../sysdeps/unix/sysv/linux/access.c
cfn=(148) access
calls=1 27 
* 8
* 2
+76 4
67 1
1850 1
67 2
1850 1
67 1
1850 6
cfi=(48)
cfn=(150) _dl_map_object_deps
calls=1 159 
* 8801
74 1
1855 1
74 2
+9 2
1855 2
+1 6
-1 4
+1 6
-1 12
+4 3
+1 3
+1 1
+2 2
+1 5
-1 9
+1 6
+12 1
+1 1
-1 2
+1 2
+2 1
+2 3
+2 1
-4 1
+5 1
-1 2
+14 2
+1 2
+1 3
+11 1
+1 1
-1 1
+2 4
-2 3
+2 1
cfi=(36)
cfn=(176)
calls=1 238 
* 2676
+10 1
+1 1
-1 1
+1 1
+3 2
856 1
fi=(147) ./elf/../sysdeps/unix/sysv/linux/dl-osinfo.h
64 2
fe=(2)
858 1
fi=(147)
77 1
fe=(2)
867 1
+7 1
-5 1
1931 3
2161 3
2604 4
+2 2
+1 1
1618 6
-11 4
fi=(24)
30 5
+3 1
+3 1
+3 1
fi=(23)
+16 2
fe=(2)
1649 2
+1 2
+1 1
2230 1
-13 1
+4 1
+6 1
-10 1
+10 1
-6 1
+9 2
+54 3
+3 1
67 2
2291 1
67 2
2292 20
+2 8
+5 8
+2 8
+6 4
+2 8
+1 24
cfi=(57) ./elf/dl-reloc.c
cfn=(192) _dl_relocate_object
calls=3 167 
* 71096
+4 10
+1 3
cfi=(34)
cfn=(310) _dl_add_to_slotinfo
calls=1 944 
* 27
* 1
-12 1
+1 1
-3 3
74 3
+1 1
2323 1
75 1
2323 1
+2 1
+3 4
+2 1
+7 3
cfi=(34)
cfn=(312) _dl_allocate_tls_init
calls=1 494 
* 131
+3 2
+9 3
+2 4
67 1
2364 1
+1 3
67 3
2365 2
cfi=(57)
cfn=(192)
calls=1 167 
* 6427
74 3
+9 2
2375 1
cfi=(7)
cfn=(314) _dl_sysdep_start_cleanup
calls=1 259 
* 1
+4 3
+21 3
cfi=(33)
cfn=(98)
calls=1 49 
* 8
+1 1
+1 1
cfi=(33)
cfn=(102)
calls=1 74 
* 1
+5 1
cfi=(50) ./elf/dl-cache.c
cfn=(316) _dl_unload_cache
calls=1 349 
* 15
+5 8
1874 2
2653 2
+2 2
+1 1
1924 2
cfn=(184) init_tls
calls=1 735 
* 646
* 2
67 1
1735 1
67 2
1735 1
67 1
1735 2
cfn=(104) handle_preload_list
calls=1 897 
* 2916
* 1
74 3
+9 3
1834 5
+1 1
-1 2
+4 3
+1 1
+1 2
+1 2
-7 2

fn=(104)
897 7
+5 5
-4 1
+10 2
+7 1
201 1
917 2
201 2
919 2
+1 4
cfn=(108) do_preload
calls=1 807 
* 2567
* 1
-18 2
+3 3
cfi=(35) ./string/../sysdeps/x86_64/strcspn.S
cfn=(106) strcspn
calls=1 30 
* 271
* 1
+1 3
+2 4
cfi=(19) ./string/../sysdeps/x86_64/multiarch/memmove-vec-unaligned-erms.S
cfn=(46) memcpy
calls=1 143 
* 26
+1 2
+14 9

fn=(178)
675 2
+2 4
cfi=(56) ./elf/dl-version.c
cfn=(180) _dl_check_all_versions
calls=1 362 
* 2650
* 2
+4 2

fn=(54) rtld_lock_default_unlock_recursive
847 5
+1 5

fn=(108)
807 1
+12 1
-12 5
+10 1
-4 1
+6 2
-5 1
+5 2
-10 1
+6 1
+4 1
cfi=(36)
cfn=(112)
calls=1 225 
* 2538
* 1
+1 3
+8 3
+6 5

fn=(184)
735 3
+2 1
+4 1
-4 1
+4 2
+11 1
-1 3
cfi=(18)
cfn=(40) calloc
calls=1 92 
* 33
* 1
-4 1
+15 1
-12 1
+6 1
-9 1
+11 1
+4 1
+2 3
-1 3
+3 1
+4 1
-4 4
+4 3
-4 3
+4 1
+2 1
-2 1
+4 2
-9 1
-1 2
+1 3
-1 6
+10 2
+3 2
cfi=(34)
cfn=(186) _dl_tls_static_surplus_init
calls=1 69 
* 73
+3 1
cfi=(34)
cfn=(188) _dl_determine_tlsoffset
calls=1 191 
* 73
+7 1
cfi=(34)
cfn=(190) _dl_allocate_tls_storage
calls=1 389 
* 387
* 1
+1 2
+6 1
+3 2
-3 1
+3 6
+3 1
+3 5

fl=(53) ./malloc/scratch_buffer_set_array_size.c
fn=(170) __libc_scratch_buffer_set_array_size
34 2
-4 2
+1 2
+3 2
-3 2
-1 2
+5 2
-5 4
+5 2
+11 2
-1 4
+18 8

fl=(7)
fn=(314)
259 1

fn=(12)
89 8
+25 1
-1 1
+1 223
+6 1
-3 1
+1 1
-4 1
+3 1
+3 8
-29 1
-1 2
+30 20
+1 108
+61 1
+1 1
-1 1
+1 1
-63 75
+34 1
-34 2
+35 1
-35 2
+46 1
-46 1
+47 1
-1 1
-46 3
+40 1
-40 1
+41 1
-1 1
-40 3
+37 1
-37 2
+38 1
-38 3
+13 1
-13 2
+14 1
-14 2
+10 1
-10 2
+11 1
-11 2
+7 1
-7 4
+4 1
-4 4
223 1
cfi=(8)
cfn=(14)
calls=1 +63 
* 32306
fi=(10)
36 2
cfi=(11) ./elf/../sysdeps/unix/sysv/linux/x86_64/brk.c
cfn=(20) brk
calls=1 -5 
* 9
fi=(12) ./elf/../sysdeps/x86/cpu-features.c
322 1
-13 1
+13 1
-12 1
+1 1
+11 1
+3 6
526 3
+1 1
+3 2
+1 1
+6 1
+6 1
-5 1
+5 1
-3 1
+3 1
-4 1
+4 1
cfi=(8)
cfn=(26)
calls=1 370 
* 17
+2 4
cfi=(8)
cfn=(26)
calls=1 370 
* 19
* 1
+2 3
-2 1
+2 1
cfi=(8)
cfn=(26)
calls=1 370 
* 19
* 1
+2 3
-2 1
+2 1
cfi=(8)
cfn=(26)
calls=1 370 
* 19
* 1
+12 1
-1 1
-11 1
+12 1
fe=(7)
235 1
cfi=(13) ./string/../sysdeps/x86_64/multiarch/strlen-vec.S
cfn=(28) strlen
calls=1 92 
* 16
* 1
+2 2
cfi=(14) ./elf/../misc/sbrk.c
cfn=(30) sbrk
calls=1 32 
* 17
* 3
+12 3
+3 5
cfi=(2)
cfn=(32)
calls=1 1127 
* 97624
+1 1
+1 8
fi=(12)
565 3
+28 1
fe=(7)
234 1
fi=(12)
584 3
+2 4
+1 2
+2 4
+1 2
331 6
cfn=(24) get_common_indices.constprop.0
calls=1 71 
* 97
49 4
+1 2
+1 6
+5 2
+1 6
+5 2
+1 6
336 1
+1 1
-1 2
+3 1
+9 1
+58 1
-67 2
475 2
+2 2
+62 1
329 1
-3 1
+15 4
+1 6
+37 2
+14 1
+10 11
+45 2
+9 2
+6 3
fe=(7)

fl=(42) ./io/../sysdeps/unix/sysv/linux/wordsize-64/fxstat.c
fn=(136) _fxstat
33 9
+1 6
+1 12
+4 3

fl=(11)
fn=(20)
31 5
+2 2
+6 1
+1 1

fl=(50)
fn=(316)
349 4
-1 1
+3 2
cfi=(87) ./misc/../sysdeps/unix/syscall-template.S
cfn=(318) munmap
calls=1 117 
* 5
+1 1
+2 2

fn=(166) _dl_cache_libcmp
142 36
+4 64
-2 64
+2 64
-2 128
+20 124
+2 124
-24 52
+28 52
+1 52
-29 104
+4 4
+8 2
-2 4
+1 4
+1 4
-2 2
+2 2
+2 6
-3 2
+3 2
+2 4
cfn=(167) _dl_cache_libcmp'2
calls=2 -16 
* 12
+9 20

fn=(167)
142 6
+32 6

fn=(158) _dl_load_cache_lookup
187 9
+8 2
+3 3
+72 1
+9 1
-9 2
+11 1
-2 1
fi=(52) ./elf/../sysdeps/x86/dl-procinfo.h
39 2
+3 3
cfi=(21)
cfn=(56)
calls=1 144 
* 65
* 4
fe=(50)
285 4
cfi=(8)
cfn=(26)
calls=1 +85 
* 19
* 2
+8 2
+15 135
cfn=(166)
calls=10 142 
* 718
* 50
+31 2
-31 18
cfn=(166)
calls=2 142 
* 214
* 13
-15 2
+1 3
+14 1
-15 2
+15 40
+16 2
+4 2
+8 3
cfi=(13)
cfn=(28)
calls=1 92 
* 34
+1 1
-1 6
+1 1
cfi=(19)
cfn=(46)
calls=1 143 
* 10
* 1
+1 1
cfi=(31) ./string/strdup.c
cfn=(90) strdup
calls=1 40 
* 86
+1 8
201 4
cfi=(38) ./elf/dl-misc.c
cfn=(160) _dl_sysdep_read_whole_file
calls=1 44 
* 94
* 1
+8 5
+1 8
fi=(51) ./elf/../sysdeps/generic/dl-cache.h
-58 1
+1 5
fe=(50)
+65 1
+1 2

fl=(27) ./elf/dl-hwcaps.c
fn=(72) _dl_important_hwcaps
42 5
+1 1
-1 5
+1 1
-1 1
+1 1
-1 1
+1 2
-1 1
+1 1
cfi=(8)
cfn=(26)
calls=1 370 
* 19
* 1
+2 1
+1 2
-1 1
+1 1
+9 1
-12 1
+12 5
+1 1
+1 1
-1 2
+1 1
-1 1
+73 1
-72 1
+72 1
-74 12
+10 3
185 1
+5 1
-5 1
+5 5
-2 2
-2 1
+2 1
-2 1
+2 2
-2 1
+2 1
-2 1
fi=(28) ./elf/../sysdeps/x86/dl-hwcap.h
57 6
fe=(27)
188 1
+1 1
cfi=(13)
cfn=(28)
calls=1 -97 
* 16
+1 1
+5 1
-5 2
-1 1
-4 1
+5 1
+5 1
+2 1
-7 1
-5 2
-37 2
+1 1
-1 6
+37 2
+8 3
+3 1
-1 1
+1 1
+4 1
+2 1
-2 3
+1 1
-1 1
+4 2
+4 2
-1 2
+4 7
+1 2
+18 11
+1 2
-1 1
+1 3
cfi=(18)
cfn=(44) malloc
calls=1 49 
* 24
* 1
+1 4
-1 1
+1 3
+31 4
+10 3
+21 1
-21 1
+21 2
-21 1
+21 1
-28 2
+13 1
+3 1
-9 1
+10 1
-1 2
-3 1
-32 1
+36 5
-4 2
-3 1
+3 1
cfi=(19)
cfn=(76) mempcpy
calls=1 130 
* 16
* 2
-3 1
+3 1
cfi=(19)
cfn=(76)
calls=1 130 
* 16
* 2
+3 2
-3 6
+3 5
+1 12
+1 2
-2 1
+2 1
cfi=(19)
cfn=(76)
calls=1 130 
* 14
* 2
-2 2
+5 6
cfi=(19)
cfn=(76)
calls=2 130 
* 28
* 4
+2 5
-7 4
+13 1
-1 1
+1 2
-1 2
+1 7
-1 7
+1 14
-1 16
+5 7
+3 2
-3 8
+3 10
+1 3
-1 3
+1 15
-1 9
+1 18
+1 24
-1 12
-1 12
+2 24
-1 24
-1 24
+4 9
+3 1
+1 1
+1 2
-2 1
+1 1
-1 1
+2 3
-1 1
+1 2
+3 2
+3 2
-6 2
+2 6
+3 1
+1 2
-6 2
+6 3
+7 8
+1 1
-1 2
+3 2
-3 3
+1 3
-1 6
+3 6
+3 4
+3 9
185 5
+29 1
+1 3
+1 1
-1 1
+1 1
-1 2
+2 2
+4 1
+3 3

fl=(119) ./elf/dl-open.c
fn=(452) _dl_find_dso_for_object
201 5
+4 5
+1 4
+1 12
+1 2
-2 6
+5 2
+4 7

fl=(104)
fn=(396)
72 3
+3 3
+2 3
+10 3
+6 3
+1 3
+1 3
+1 3
+1 3
+1 3
+1 3
+4 3
+1 3
+3 3
+1 3
+2 3
+1 3
+1 3
+1 3
+1 3
+1 3
+2 3
+7 3
+1 3
+1 3
cfi=(105)
cfn=(398)
calls=3 -60 
* 1838
+1 3
+5 3
+1 3
+1 3
+2 3
+1 3
+1 3
+1 3
+1 3
+1 3
+1 3
+2 3
+2 3
+4 3
+3 3

fn=(397) _dl_runtime_resolve_xsave'2
72 2
+3 2
+2 2
+10 2
+6 2
+1 2
+1 2
+1 2
+1 2
+1 2
+1 2
+4 2
+1 2
+3 2
+1 2
+2 2
+1 2
+1 2
+1 2
+1 2
+1 2
+2 2
+7 2
+1 2
+1 2
cfi=(105)
cfn=(398)
calls=2 -60 
* 1587
+1 2
+5 2
+1 2
+1 2
+2 2
+1 2
+1 2
+1 2
+1 2
+1 2
+1 2
+2 2
+2 2
+4 2
+3 2

fl=(21)
fn=(56)
144 143
+1 143
+2 143
+1 143
+21 143
+1 143
+1 67
+1 67
+1 51
+1 51
+1 51
+1 51
+21 51
+1 51
+1 51
+1 51
+1 51
+1 51
+1 51
+5 4
+1 4
+9 4
+1 4
+1 4
+1 4
+1 4
+1 4
+1 4
+1 4
-7 92
+1 92
+1 92
+1 92
+1 92
+1 92
+1 92
+1 92
+1 26
+1 15
+1 15
+1 15
+2 15
+1 15
+1 15
+1 15
+1 15
+1 15
-5 11
+1 11
+1 11
+1 11
+1 11
+1 11
+10 70
+1 70
+1 70
+2 70
+6 70
+1 70
+1 70
+1 70
+1 70
+5 70
+2 70
+1 70
+1 140
+8 70
+1 70
+3 70
+1 70
+1 70
+1 70
+1 70
+1 70
821 3
+1 3
+1 3
+1 3
+1 3
+2 3
+1 3
+1 3
+1 3
+1 3
+1 3
+1 3
+1 3
+4 3
+1 3
+1 3
+6 3
+1 3
+1 6
+4 3
+1 3
+3 3
+1 3
+1 3
+3 3
+1 3
+1 3
+6 3
+1 3
+1 3
+1 3
+1 3
+1 3
+72 1
+1 1
+1 1
+1 1
+1 1
+2 1
+1 1
+1 1
+1 1
+1 1
+1 1
+1 1
+1 1
+4 1
+1 1
+1 1
+6 1
+1 1
+1 2
+4 1
+1 1
+3 1
+1 1
+1 1
+3 1
+1 1
+1 1
+6 1
+1 1
+1 1
+1 1
+1 1
+1 1
+7 1
+1 1
+2 1
+1 1
+2 1
+1 1
+1 1
+3 1
+1 1
+1 1
+6 1
+1 1
+1 1
+1 1
+1 1
+1 1
1196 1
+1 1
+1 1
+1 1
+1 1
+2 1
+1 1
+1 1
+1 1
+1 1
+1 1
+1 1
+1 1
+4 1
+1 1
+1 1
+6 1
+1 1
+1 2
+4 1
+1 1
+3 1
+1 1
+1 1
+3 1
+1 1
+1 1
+6 1
+1 1
+1 1
+1 1
+1 1
+1 1
1446 1
+1 1
+1 1
+1 1
+1 1
+2 1
+1 1
+1 1
+1 1
+1 1
+1 1
+1 1
+1 1
+4 1
+1 1
+1 1
+6 1
+1 1
+1 2
+4 1
+1 1
+3 1
+1 1
+1 1
+3 1
+1 1
+1 1
+6 1
+1 1
+1 1
+1 1
+1 1
+1 1
+72 4
+1 4
+1 4
+1 4
+1 4
+2 4
+1 4
+1 4
+1 4
+1 4
+1 4
+1 4
+1 4
+4 4
+1 4
+1 4
+6 4
+1 4
+1 8
+4 4
+1 4
+3 4
+1 4
+1 4
+3 4
+1 4
+1 4
+6 4
+1 4
+1 4
+1 4
+1 4
+1 4
+72 2
+1 2
+1 2
+1 2
+1 2
+2 2
+1 2
+1 2
+1 2
+1 2
+1 2
+1 2
+1 2
+4 2
+1 2
+1 2
+6 2
+1 2
+1 4
+4 2
+1 2
+3 2
+1 2
+1 2
+3 2
+1 2
+1 2
+6 2
+1 2
+1 2
+1 2
+1 2
+1 2
+72 12
+1 12
+1 12
+1 12
+1 12
+2 12
+1 12
+1 12
+1 12
+1 12
+1 12
+1 12
+1 12
+4 12
+1 12
+1 12
+6 12
+1 12
+1 24
+4 12
+1 12
+3 12
+1 12
+1 12
+3 12
+1 12
+1 12
+6 12
+1 12
+1 12
+1 12
+1 12
+1 12
2071 2
+1 2
+1 2
+1 2
+1 2
+2 2
+1 2
+1 2
+1 2
+1 2
+1 2
+1 2
+2 1
+4 1
+1 1
+1 1
+6 1
+1 1
+2 2
+4 1
+1 1
+3 1
+1 1
+1 1
+3 1
+1 1
+1 1
+6 1
+1 1
+1 1
+1 1
+1 1
+1 1
+74 95
+2 95
+1 95
+1 95
+1 95
-3 1
+1 1
+1 1
+1 1
+1 30
+5 15
+6 15
+1 15
+8 15
+1 15
-16 128
+6 128
+1 128
+8 128
+1 128

fl=(26)
fn=(70)
681 1
+13 2
-13 8
+13 3
cfi=(27)
cfn=(72)
calls=1 42 
* 733
+5 1
-5 1
+5 1
cfi=(18)
cfn=(44)
calls=1 49 
* 24
* 1
-1 1
+2 2
+7 2
+1 4
-1 3
+4 4
cfi=(18)
cfn=(44)
calls=1 49 
* 24
* 1
* 2
+2 2
+7 1
+10 1
-2 2
+2 1
+3 2
+9 1
-7 1
+7 2
-3 1
-20 1
+12 1
+3 1
+8 1
-3 1
+1 16
cfi=(29)
cfn=(78)
calls=4 114 
* 48
+2 18
-14 3
+10 3
-10 3
+14 3
-12 6
+4 3
+4 3
-7 3
+3 3
+1 3
-2 3
+5 3
+1 3
-4 3
+4 3
+14 1
-11 1
+6 1
+1 1
+5 2
+2 4
+2 3
+38 5
-19 1
-2 1
+2 2
+21 3
cfi=(13)
cfn=(28)
calls=1 92 
* 34
* 8
cfi=(19)
cfn=(46)
calls=1 143 
* 10
* 1
+5 4
-1 2
+2 1
+1 1
-1 30
+1 28
-1 56
+4 1
-3 1
+3 1
-5 116
+5 2
cfi=(18)
cfn=(44)
calls=1 49 
* 24
* 1
-1 1
+1 1
+1 2
+6 6
cfn=(80) fillin_rpath.isra.0
calls=1 445 
* 1313
+3 3
+6 1
+4 8
-37 2

fn=(132) _dl_map_object_from_fd
866 22
+10 2
-10 2
+10 2
-10 4
+10 2
cfi=(33)
cfn=(98)
calls=2 49 
* 16
* 2
+7 8
+61 8
+10 4
+7 8
+33 4
877 2
997 14
cfi=(16)
cfn=(36)
calls=2 59 
* 836
* 2
+1 4
+11 2
+5 2
-5 2
+1 4
+1 2
+2 2
-2 2
+2 4
+1 6
+1 4
+19 2
-2 2
+2 6
+8 2
-8 2
+8 4
-8 6
+8 2
-8 2
+8 4
+90 2
-6 2
-90 2
+30 2
+23 2
+43 2
-6 2
-91 2
+31 2
+66 2
-52 2
-50 4
+13 52
+17 2
+1 1
-19 57
+1 103
1144 2
1042 2
1144 2
+1 4
1042 6
1157 6
1010 4
1170 4
+10 4
fi=(44) ./elf/./dl-map-segments.h
56 4
fe=(26)
1180 6
fi=(44)
56 2
fe=(26)
1180 6
fi=(44)
56 4
-6 2
+6 4
-6 2
+6 2
cfi=(43) ./misc/../sysdeps/unix/sysv/linux/mmap64.c
cfn=(138) mmap
calls=2 -5 
* 38
+4 4
-4 2
+4 2
+3 4
+1 2
+2 2
-3 2
+1 2
+2 2
+14 2
+2 2
fi=(45) ./elf/./dl-load.h
+8 16
+1 6
+2 16
fi=(44)
+11 32
+8 2
-2 2
+1 2
+2 2
-1 2
+1 2
-1 2
+3 4
+5 4
+3 4
+8 16
cfi=(29)
cfn=(78)
calls=2 -17 
* 270
+1 6
+5 4
+12 8
-59 40
+2 12
+2 6
-2 12
+2 48
cfi=(43)
cfn=(138)
calls=6 -43 
* 102
* 18
fe=(26)
1043 22
+23 24
+5 56
+10 16
-1 8
+4 16
-4 8
-1 8
+2 16
+2 8
-2 8
-1 8
+1 8
+1 8
-1 8
+2 8
+1 8
+4 16
+1 30
+5 6
-1 6
+1 6
-1 6
+1 24
-15 6
+15 12
+10 6
-10 2
-1 2
+1 2
-1 2
+1 8
-15 2
+15 4
+10 2
-55 4
+5 4
+1 8
+52 3
+4 1
+1 2
-58 1
+62 5
+1 1
+3 1
-3 1
+8 4
+15 4
+1 2
fi=(41) ./elf/../sysdeps/posix/dl-fileid.h
37 8
cfi=(42)
cfn=(136)
calls=2 -4 
* 20
* 4
fe=(26)
901 4
fi=(41)
40 2
+1 2
fe=(26)
901 2
fi=(41)
40 2
fe=(26)
901 2
fi=(41)
41 2
fe=(26)
901 21
+1 10
fi=(41)
49 12
fe=(26)
1417 18
920 4
1192 8
+9 6
fi=(3)
42 2
+6 2
-2 2
+2 4
+15 2
+5 2
+3 2
-2 2
-2 2
-3 4
-1 40
+1 24
-16 8
+26 8
-26 53
+26 37
-26 74
+2 90
+17 70
fi=(45)
+27 4
+2 1
-1 2
+1 1
-1 1
+1 1
-1 1
+1 1
-1 2
+3 4
fi=(3)
-33 10
+3 8
+3 8
+1 4
+1 4
+8 4
+20 7
+1 8
+1 8
+1 8
+2 8
+5 8
+1 7
+1 8
+5 6
+5 4
+7 4
+1 6
+18 6
+5 2
+2 2
+2 2
+2 2
+3 6
+2 3
+1 2
+9 2
+5 2
+3 4
fe=(26)
1208 4
+2 4
+19 6
+19 4
+2 10
+48 6
+1 2
+3 2
cfi=(46) ./io/../sysdeps/unix/sysv/linux/close_nocancel.c
cfn=(146) __GI___close_nocancel
calls=1 26 
* 5
* 2
cfi=(46)
cfn=(146)
calls=1 26 
* 5
* 4
+9 4
+2 8
+2 4
+16 4
cfi=(6)
cfn=(10)
calls=2 964 
* 46
+4 4
+1 4
+17 4
+4 2
+5 2
-5 2
+5 2
+10 4
+9 4
+1 4
+5 1
cfi=(34)
cfn=(168) _dl_next_tls_modid
calls=1 107 
* 6
* 1
+7 3
cfi=(16)
cfn=(50)
calls=1 31 
* 45
* 3
cfi=(16)
cfn=(50)
calls=1 31 
* 41
+4 6
-44 2
fi=(44)
141 8
cfi=(43)
cfn=(138)
calls=1 -90 
* 17
+3 2
fe=(26)
1207 2

fn=(84) expand_dynamic_string_token
378 9
+10 3
-10 12
+10 3
cfn=(86) _dl_dst_count
calls=3 231 
* 185
+3 6
+12 3
-11 3
+11 12
-11 3
cfi=(31)
cfn=(90)
calls=3 40 
* 264

fn=(80)
445 7
+4 1
-4 9
+6 3
cfi=(18)
cfn=(82) strsep
calls=1 265 
* 289
* 6
cfi=(18)
cfn=(82)
calls=2 265 
* 293
* 9
+7 4
+2 6
cfn=(84)
calls=2 -82 
* 252
* 2
+4 4
+5 4
cfi=(13)
cfn=(28)
calls=2 92 
* 32
* 2
+1 4
+7 10
+9 37
+1 22
cfi=(32) ./string/../sysdeps/x86_64/memcmp.S
cfn=(96) bcmp
calls=1 28 
* 48
* 2
+55 4
+2 4
cob=(2)
cfi=(17)
cfn=(92)
calls=2 0 
* 10
* 2
-39 4
+4 18
cfi=(18)
cfn=(44)
calls=2 49 
* 48
* 2
+2 6
-2 2
+2 2
+5 2
+1 6
-2 2
+2 2
cfi=(19)
cfn=(76)
calls=2 130 
* 24
+3 4
-3 2
+1 2
+2 2
+6 6
+1 2
-1 2
+1 6
+1 2
-1 6
+1 14
-1 42
+3 2
+1 2
-1 2
+1 2
+7 2
+1 4
-57 8
+23 4
+43 1
+3 8
-15 4

fn=(126) open_verify.constprop.0
1466 198
+39 18
-39 18
+39 36
+31 72
cfi=(39) ./io/../sysdeps/unix/sysv/linux/open64_nocancel.c
cfn=(128) __open_nocancel
calls=18 37 
* 372
* 18
+2 36
+11 2
+6 4
-5 2
+5 16
cfi=(40) ./io/../sysdeps/unix/sysv/linux/read_nocancel.c
cfn=(130) __read_nocancel
calls=2 26 
* 10
+2 4
+2 4
+2 4
+6 4
+16 18
-65 16
1765 162
1583 14
+74 4
+5 4
+2 8
+6 4
+6 2
+1 2
-1 6
+1 6
+1 4
+20 8
1543 4
1698 96
+1 40
+1 8
+4 8
+17 2
+8 18
+15 2
+6 3
-3 1
+1 1
+3 1
-3 2
+1 1
-1 1
-1 1
+4 2
1583 3
1761 4
cob=(2)
cfi=(17)
cfn=(92)
calls=2 0 
* 10
* 2
-29 18
-1 2
+4 6
+5 1
+1 2
-36 8

fn=(122)
1927 27
+8 6
+1 12
+3 42
+5 49
+2 21
cfi=(38)
cfn=(124) _dl_name_match_p
calls=7 282 
* 679
* 14
+4 12
+1 18
+3 2
+1 2
+1 2
-1 2
+1 2
cfi=(21)
cfn=(56)
calls=2 144 
* 48
* 4
2238 27
1974 2
-2 2
+2 4
-2 4
-43 2
+53 6
+36 4
-2 2
+2 2
cfi=(30) ./string/../sysdeps/x86_64/multiarch/../strchr.S
cfn=(88) index
calls=2 24 
* 46
* 4
2169 2
-1 3
cfn=(84)
calls=1 378 
* 251
+2 1
-3 1
+1 1
+2 2
+4 6
cfn=(126)
calls=1 1466 
* 232
* 1
+3 2
+12 4
+46 1
+1 3
-1 1
+1 9
cfn=(132)
calls=1 866 
* 1601
-1 1
+1 3
-1 1
+1 9
cfn=(132)
calls=1 866 
* 1848
* 6
2022 2
cfi=(13)
cfn=(28)
calls=1 92 
* 16
* 2
+2 2
+7 4
+36 12
cfn=(154) open_path
calls=1 1779 
* 2701
+6 1
-6 1
+6 4
+88 2
+28 4
+2 4
2035 5
+8 4
-3 3
659 1
2041 1
659 3
2074 1
659 2
2055 4
+1 8
659 1
2057 1
659 2
2066 2
+1 2
+15 1
+14 2
+2 3
+4 2
cfi=(50)
cfn=(158)
calls=1 187 
* 1595
* 1
+2 2
+4 2
+8 3
+23 7
cfn=(126)
calls=1 1466 
* 243
+4 2
-4 1
+4 1
+1 2

fn=(86)
231 5
+3 5
-3 10
+7 5
-7 10
+3 5
cfi=(30)
cfn=(88)
calls=5 24 
* 204
+3 10
+20 35

fn=(154)
1779 8
+1 1
-1 6
+1 1
+6 2
+5 2
-7 1
+7 1
-8 1
+8 6
+3 3
+9 12
+7 6
-12 2
+13 2
-1 2
cfi=(19)
cfn=(76)
calls=2 130 
* 24
* 2
+47 6
+8 4
-54 116
+3 48
+4 128
cfi=(19)
cfn=(76)
calls=16 130 
* 202
* 64
cfi=(19)
cfn=(76)
calls=16 130 
* 192
+3 32
+3 48
+3 112
cfn=(126)
calls=16 1466 
* 848
* 16
+2 48
+2 32
+65 14
+7 4
-2 2
+2 6
+3 3
-13 1
+27 9
-84 80
+1 128
+6 32
+2 32
-2 48
+2 32
cfi=(49)
cfn=(156)
calls=16 33 
* 202
* 16
+3 16
-3 32
+1 2
+2 2
-2 2
+2 60

fl=(34)
fn=(168)
107 1
+13 1
-13 1
+36 1
+12 1
+4 1

fn=(312)
494 8
+1 2
+4 1
+6 1
-6 1
+6 2
-4 1
+16 1
-15 2
+20 8
+9 3
+1 2
+6 3
+3 1
-2 1
+6 1
-6 1
+2 1
+4 1
-4 3
+1 1
+2 2
+4 2
+1 4
+2 2
+1 2
+12 1
-3 1
+3 2
cfi=(19)
cfn=(76)
calls=1 130 
* 12
* 5
cfi=(29)
cfn=(78)
calls=1 114 
* 33
-36 1
-6 4
+6 4
+50 2
+3 9

fn=(100)
169 2
+1 1
+15 2

fn=(188)
191 7
+6 3
+3 2
+36 3
+2 1
-2 1
-2 1
-40 1
-1 1
-1 1
+46 2
+23 3
+3 1
-3 4
+2 2
+10 1
-12 1
-25 6
+2 2
+3 1
-1 1
+5 2
-5 1
+1 1
-1 1
+3 2
+2 3
+32 2
-1 1
+53 1
-52 4
+2 2
+51 8

fn=(310)
944 7
+6 1
+3 1
+1 1
+4 3
+41 2
+3 4
-1 1
+1 1
+2 6

fn=(186)
69 1
+4 1
-4 1
+4 1
-4 3
+4 3
cfi=(8)
cfn=(26)
calls=1 370 
* 19
* 1
+1 4
cfi=(8)
cfn=(26)
calls=1 370 
* 19
* 3
+6 1
+2 4
+5 1
-2 1
+4 3
+1 2
+1 5

fn=(190)
389 1
+13 1
-13 2
+2 1
+12 2
cfi=(18)
cfn=(44)
calls=1 49 
* 24
* 1
+1 3
+8 2
-69 1
+69 2
+1 1
+4 297
+19 1
-94 2
+1 2
cfi=(18)
cfn=(40)
calls=1 92 
* 33
* 1
+1 2
+3 1
+6 2
+89 5

fl=(18)
fn=(94)
111 16

fn=(82)
265 9
+2 6
+1 6
+4 99
+7 224
-2 114
+6 2
+7 1
+4 2
-4 1
+4 4
-22 28
+15 28
-15 58

fn=(40)
92 8
+4 8
+4 8
-1 16
+1 16
+3 8
cfn=(44)
calls=8 -54 
* 237
* 8

fn=(44)
49 96
+1 24
+11 24
-11 48
+11 48
+3 24
-3 24
+3 140
+18 24
+1 24
+2 96
-16 4
+1 2
+2 1
+1 7
cfi=(43)
cfn=(138)
calls=1 -22 
* 19
* 1
+2 2
+2 2
+2 1
+4 1
-4 2
-23 1
-1 1
+1 1
+1 2
-2 2

fl=(57)
fn=(306) _dl_protect_relro
329 4
-1 8
+1 16
+3 4
-3 4
+3 4
+4 8
+7 8
-6 12
cfi=(87)
cfn=(308) mprotect
calls=4 117 
* 20
* 8

fn=(192)
167 40
+15 4
-15 8
+15 4
+1 20
+6 8
+6 20
-18 8
+22 8
+7 16
+40 4
fi=(5)
76 4
fe=(57)
246 8
fi=(5)
76 12
+6 6
+4 9
+14 3
-8 3
+8 6
+20 6
+11 12
fe=(57)
274 126
-96 18
fi=(4)
48 3
-1 3
-1 3
+1 3
+1 3
+10 6
fe=(57)
274 1
-96 6
fi=(4)
48 1
-1 1
-1 1
+1 1
+1 1
+10 2
-10 4
-1 4
-1 4
+1 4
+1 4
+10 8
-7 3
-1 3
+11 15
fi=(5)
558 22
+4 22
+3 33
+1 11
fi=(4)
61 33
+2 204
+2 120
-4 120
+13 6
+1 5
+1 80
fi=(5)
558 40
+26 40
-1 80
-25 40
+26 80
+1 40
cob=(3)
cfi=(61) ./string/../sysdeps/x86_64/multiarch/ifunc-strcasecmp.h
cfn=(302) strncasecmp_l
calls=1 32 
* 5
cob=(3)
cfi=(64) ./string/../sysdeps/x86_64/multiarch/ifunc-avx2.h
cfn=(300) strchrnul
calls=1 32 
* 24
cob=(3)
cfi=(84) ./wcsmbs/../sysdeps/x86_64/multiarch/ifunc-memcmp.h
cfn=(296) wmemcmp
calls=1 34 
* 22
cob=(3)
cfi=(59) ./string/../sysdeps/x86_64/multiarch/ifunc-strcpy.h
cfn=(292) stpcpy
calls=1 37 
* 19
cob=(3)
cfi=(59)
cfn=(288) stpncpy
calls=1 37 
* 19
cob=(3)
cfi=(72) ./string/../sysdeps/x86_64/multiarch/ifunc-sse4_2.h
cfn=(286) strspn
calls=1 30 
* 6
cob=(3)
cfi=(75) ./wcsmbs/../sysdeps/x86_64/multiarch/ifunc-wcslen.h
cfn=(282) wcslen
calls=1 33 
* 22
cob=(3)
cfi=(64)
cfn=(280) memchr
calls=1 32 
* 24
cob=(3)
cfi=(61)
cfn=(276) strcasecmp_l
calls=1 32 
* 5
cob=(3)
cfi=(64)
cfn=(274) memrchr
calls=1 32 
* 24
cob=(3)
cfi=(64)
cfn=(272) strlen
calls=1 32 
* 24
cob=(3)
cfi=(79) ./string/../sysdeps/x86_64/multiarch/strchr.c
cfn=(270) index
calls=1 41 
* 19
cob=(3)
cfi=(72)
cfn=(268) strpbrk
calls=1 30 
* 6
cob=(3)
cfi=(78) ./wcsmbs/../sysdeps/x86_64/multiarch/wcscpy.c
cfn=(266) wcscpy
calls=1 37 
* 6
cob=(3)
cfi=(77) ./wcsmbs/../sysdeps/x86_64/multiarch/ifunc-wmemset.h
cfn=(264) wmemset
calls=2 34 
* 34
cob=(3)
cfi=(75)
cfn=(260) wcsnlen
calls=1 33 
* 22
cob=(3)
cfi=(58) ./string/../sysdeps/x86_64/multiarch/ifunc-memmove.h
cfn=(258) memcpy@@GLIBC_2.14
calls=1 53 
* 23
cob=(3)
cfi=(59)
cfn=(254) strcpy
calls=1 37 
* 19
cob=(3)
cfi=(61)
cfn=(250) strncasecmp
calls=1 32 
* 5
cob=(3)
cfi=(72)
cfn=(248) strcspn
calls=1 30 
* 6
cob=(3)
cfi=(64)
cfn=(246) strnlen
calls=2 32 
* 48
cob=(3)
cfi=(65) ./wcsmbs/../sysdeps/x86_64/multiarch/ifunc-avx2.h
cfn=(244) wcschr
calls=2 32 
* 48
cob=(3)
cfi=(70)
cfn=(240)
calls=1 50 
* 29
cob=(3)
cfi=(69) ./string/../sysdeps/x86_64/multiarch/strcmp.c
cfn=(238) strcmp
calls=1 42 
* 21
cob=(3)
cfi=(68) ./string/../sysdeps/x86_64/multiarch/strncmp.c
cfn=(236) strncmp
calls=1 42 
* 20
cob=(3)
cfi=(66) ./string/../sysdeps/x86_64/multiarch/ifunc-memcmp.h
cfn=(232) bcmp
calls=1 34 
* 22
cob=(3)
cfi=(58)
cfn=(230) mempcpy
calls=1 53 
* 23
cob=(3)
cfi=(65)
cfn=(228) wcscmp
calls=1 32 
* 24
cob=(3)
cfi=(65)
cfn=(226) wmemchr
calls=2 32 
* 48
cob=(3)
cfi=(64)
cfn=(224) rawmemchr
calls=1 32 
* 24
cob=(3)
cfi=(64)
cfn=(222) rindex
calls=1 32 
* 24
cob=(3)
cfi=(59)
cfn=(218) strcat
calls=1 37 
* 19
cob=(3)
cfi=(61)
cfn=(214) strcasecmp
calls=1 32 
* 5
cob=(3)
cfi=(59)
cfn=(210) strncpy
calls=1 37 
* 19
cob=(3)
cfi=(58)
cfn=(208) memmove
calls=2 53 
* 46
fi=(4)
75 40
fi=(5)
586 40
fi=(4)
75 82
fe=(57)
274 32
+3 12
+24 4
+3 8
+17 8
196 8
fi=(4)
84 5
-1 5
+3 5
+12 5
-15 5
+3 5
+12 10
+10 6
+10 6
+3 8
+3 8
-74 3
fi=(5)
497 3
fi=(4)
51 3
fi=(5)
497 6
fi=(4)
127 416
+9 208
+1 104
-1 208
+1 104
+2 104
-2 104
+2 208
-1 208
fi=(5)
276 208
+21 208
+4 208
+7 416
fi=(20) ./elf/../sysdeps/generic/ldsodefs.h
126 261
fi=(5)
308 1699
fi=(4)
138 84
fi=(5)
308 84
fi=(4)
138 84
fi=(5)
308 84
fi=(4)
138 84
fi=(5)
308 1176
cfi=(6)
cfn=(200)
calls=84 841 
* 46512
* 504
+1 261
+30 624
463 261
+1 87
fi=(4)
124 312
+19 12
fi=(5)
435 51
+4 68
+5 17
+9 17
-9 34
+9 34
fi=(4)
111 9
+1 3
fi=(5)
542 3
fi=(4)
112 3
fi=(5)
542 6
fi=(4)
112 1216
fi=(5)
542 1216
fi=(4)
112 1216
fi=(5)
542 2432
+5 2438
+1 1219
fi=(4)
111 1219
fi=(5)
548 2438
fi=(4)
111 2438
+7 9
-67 1
160 4
+2 20
+9 15
-1 30
fi=(5)
276 10
+21 10
+4 10
+7 20
fi=(20)
126 15
fi=(5)
308 165
cfi=(6)
cfn=(200)
calls=5 841 
* 2494
* 35
+1 15
+30 64
-30 149
+3 98
-3 98
+3 196
-4 21
+1 81
+3 81
-3 162
fe=(57)
-35 24
fi=(5)
+34 99
fe=(57)
+14 8
cfn=(306)
calls=4 +7 
* 96
+1 32
fi=(5)
124 12
-2 6
fe=(57)
274 2
fi=(5)
463 15
+1 5
fi=(4)
160 15
+14 3
fi=(5)
309 1
+3 1
-3 1
+3 2
-3 1
+3 1
-3 2
fe=(57)

fl=(6)
fn=(10)
964 12
+2 4
+2 8
+2 4
-1 4
+3 12
+1 4
+4 4
-3 4
+7 4
-7 4
+3 4
-1 4
+3 4
+2 4
-7 4
+7 4
+5 4

fn=(200)
841 846
582 94
841 376
582 282
-1 188
+2 94
-1 94
+1 282
-1 282
+1 1264
-1 1264
+1 3792
-1 3792
+2 94
847 94
-4 94
+8 94
-8 94
+1 188
+7 260
+5 94
+5 94
-7 94
+2 94
-2 94
+6 188
-7 564
+7 20
+29 10
-29 30
+1 1222
cfn=(202) do_lookup_x
calls=94 368 
* 32755
* 282
+28 84
-23 188
+24 504
+40 84
-40 84
+40 336
+14 252
+3 252
+5 168
+2 846
-86 60
+17 10
+1 20
+59 2

fn=(204) check_match
75 344
+3 86
-3 688
+3 172
+13 336
-13 336
+13 168
+3 248
cfi=(21)
cfn=(56)
calls=20 +50 
* 894
* 40
+4 84
+1 168
+2 166
+19 166
+1 664
+39 84
+7 504
-18 2
+2 2
+1 1
-1 2
+1 3
-1 2
+16 12
-45 249
cfi=(21)
cfn=(56)
calls=83 +22 
* 4118
* 166
-44 8
+82 4

fn=(202)
368 658
+1 94
-1 752
+48 94
-41 94
+76 94
-35 188
-16 897
+8 299
-4 299
+1 299
+3 598
+1 897
+3 299
+1 598
+7 299
-3 598
-2 299
+5 1196
+3 2093
571 645
379 598
+3 598
+4 1196
+4 598
+4 598
+88 168
fi=(20)
126 252
fe=(6)
533 168
+3 636
+16 168
+1 84
+1 168
427 348
-1 174
+2 174
+2 87
+6 348
-6 87
+6 696
+7 267
-10 865
+3 86
-1 86
+1 172
-1 86
+1 86
-1 86
+2 86
-1 86
+1 86
-1 860
cfn=(204)
calls=86 75 
* 9717
+4 258
+3 4
574 10
+1 752
-35 27
-66 6
176 21
+5 672

fl=(48)
fn=(150)
159 2
+1 2
-1 2
+1 1
-1 1
+1 1
-1 1
+1 1
-1 4
+1 1
-8 1
+7 1
+1 1
-1 1
+1 1
-8 2
-6 1
+6 1
-7 1
+15 1
-16 1
+2 1
+6 1
+24 4
-28 3
-2 1
+31 1
-33 2
+2 2
+30 2
-30 1
-1 1
+1 1
+6 4
+24 2
-32 1
+60 1
-60 2
+36 1
+20 1
fi=(54) ./elf/../include/scratch_buffer.h
78 1
fe=(48)
180 1
fi=(54)
77 3
fe=(48)
198 1
+89 1
-89 1
+2 1
+9 1
+4 1
-4 1
+4 2
-4 3
+4 3
-4 3
+4 6
+11 14
-18 2
+18 2
433 8
+2 4
+3 2
-3 2
+3 4
cfi=(18)
cfn=(44)
calls=2 49 
* 48
* 2
* 2
+1 4
+6 2
+1 10
cfi=(19)
cfn=(46)
calls=2 143 
* 20
+1 12
cfi=(19)
cfn=(46)
calls=2 143 
* 20
+4 2
-1 2
+5 16
204 9
+22 2
+11 2
-5 2
-6 4
+5 2
+2 4
+1 4
+3 8
+66 2
-97 2
+97 2
-66 2
+66 6
-55 6
-2 2
+2 2
cfi=(36)
cfn=(116)
calls=2 -73 
* 7390
* 2
+1 4
+9 2
+2 4
+5 2
+6 2
+2 2
-8 4
+3 2
+1 2
+1 2
+1 2
+4 10
+4 4
+1 4
-43 200
+1 100
+6 8
cfi=(26)
cfn=(86)
calls=2 -13 
* 104
* 10
+38 144
fi=(54)
85 3
fe=(48)
464 6
+4 5
+11 4
cfi=(18)
cfn=(44)
calls=1 49 
* 24
* 1
* 1
+2 2
+5 2
+3 2
-3 4
+1 1
+2 1
+2 12
+4 12
+4 4
-10 12
+13 2
+51 3
+2 4
+35 6
cfi=(19)
cfn=(46)
calls=1 143 
* 10
+4 5
cfi=(55)
cfn=(174)
calls=1 28 
* 215
+3 1
+2 1
+1 1
-1 1
+2 2
+7 3
+3 2
+3 8
458 9
-1 4
+1 8
199 3
465 2
214 25
+3 2
fi=(54)
-86 6
cfi=(53)
cfn=(170)
calls=2 -97 
* 34
fe=(48)
+86 4
+4 4
554 2
380 6

fn=(152)
61 4
+7 2
-4 4
+1 2
-1 16
cfi=(26)
cfn=(122)
calls=2 1927 
* 7250
* 2
+5 4

fl=(30)
fn=(88)
24 7
+1 7
+1 7
+1 7
+1 7
+1 7
+1 7
+1 7
+1 7
+1 7
+1 7
+1 7
+1 7
+1 7
+1 7
+1 7
+1 7
+1 5
+4 5
+1 5
+1 5
+1 5
+2 5
+4 2
+1 2
+1 2
+1 2
+1 2
+1 2
+1 2
+1 2
+1 2
+1 2
+1 2
+1 2
+1 2
+1 2
+1 2
+1 2
+1 2
+1 2
+1 2
+1 2
+1 2
+1 2
+1 2
+1 3
+5 1
+1 1
+3 1
+1 1
+1 1
+1 1
+1 1
+1 1
+1 1
+1 1
+1 1
+1 1
+1 1
+1 1
+1 1
+1 1
+1 1
+1 1
+1 1
+1 1
+2 1
+1 1
+2 1
+1 1
+1 1
+1 1
+1 1
+1 1
+1 1
+1 1
+2 1
+1 1
+1 1
+1 1
+1 1
+1 1
+1 1
+1 1
+1 1
+1 1
+3 1
+4 1
+1 1
+1 1
+1 1
+2 1
-9 1
+4 1
+1 1
+1 1
+1 1
+2 1

fl=(43)
fn=(138)
51 22
-3 44
+6 22
+5 66
+2 33
-7 8

fl=(88) ./elf/dl-init.c
fn=(324) call_init.part.0
28 32
+8 4
-8 4
+11 4
-3 8
+3 12
+5 9
+5 4
+9 12
cob=(3)
cfi=(90) ./csu/init-first.c
cfn=(336) _init
calls=1 -6 
* 95
cob=(2)
cfi=(17)
cfn=(326)
calls=1 -58 
* 6
+3 2
+1 4
+6 2
+2 4
-2 4
+3 10
+1 8
cob=(3)
cfi=(94) ./libio/vtables.c
cfn=(346) check_stdfiles_vtables
calls=1 +12 
* 11
cob=(4)
cfi=(89)
cfn=(330)
calls=1 -72 
* 11
* 4
cob=(3)
cfi=(95) ./string/../sysdeps/x86/cacheinfo.c
cfn=(348) init_cacheinfo
calls=1 488 
* 1714
-1 9
+3 24
-29 3
-5 3

fn=(322) _dl_init
79 11
+1 1
+1 1
+3 3
+8 2
+25 1
+1 5
+1 2
-89 2
+89 6
-89 18
cfn=(324)
calls=3 -2 
* 1933
+88 12
+7 8
-95 3
cfn=(324)
calls=1 -2 
* 70
+57 2

fl=(35)
fn=(106)
30 1
+7 1
+1 1
+2 1
+1 1
+1 1
+1 1
+1 33
+3 2
+7 1
+1 1
+1 1
+1 1
+2 1
+1 1
+1 1
+1 1
+2 1
+1 1
+1 1
+9 3
+12 1
+2 1
+1 1
+1 1
-4 16
+2 16
+1 16
+1 16
+2 16
+1 16
+1 16
+2 16
+1 16
+1 16
+2 16
+1 16
+1 16
+6 1
+7 1
+4 1

fl=(32)
fn=(96)
28 1
+1 1
+1 1
+1 1
+1 1
+1 1
+1 1
+1 1
+3 1
+1 1
+1 1
+1 1
+1 1
+1 1
+1 1
+1 1
+1 1
+2 1
+1 1
+1 1
+1 1
+1 1
+1 1
+1 1
+1 1
+1 1
+2 1
+1 1
+1 1
+1 1
+1 1
+1 1
+1 1
+1 1
+1 1
+36 1
+1 1
+1 1
+1 1
+1 1
+1 1
+1 1
+1 1
+1 1
+1 1
+1 1
+1 1
+1 1

fl=(29)
fn=(78)
114 65
+6 13
+1 13
+1 6
+1 6
+2 4
+1 4
+1 4
+62 2
+1 2
+13 2
+1 2
+1 2
+1 2
+1 2
+1 2
+1 2
+1 2
+1 2
+1 2
+1 2
+1 2
+1 2
+1 2
+2 34
+1 34
+1 34
+1 34
+1 34
+1 34
+1 34
+1 2
+14 7
+1 7
+1 7
+1 6
+1 6
+1 2
+1 2
+21 1
+1 1
+1 1
+3 4
+1 4
+1 4
+3 2
+1 2
+1 2

fl=(13)
fn=(28)
92 15
+1 15
+1 15
+1 15
+1 15
+1 15
+1 15
+2 15
+2 15
+31 14
+1 14
+1 14
+1 14
+1 14
+1 8
+2 8
+4 6
+1 6
+1 6
+1 6
+1 6
+1 6
+1 6
+1 6
+1 6
+1 6
+1 6
+1 6
+5 42
+4 1
+1 14
+1 8
+68 3
+1 3
+1 3
+1 3
+1 3
+1 3
+1 3
+1 3
+16 3
+2 3
+1 42
+2 3
+1 3
+1 3
+2 3

fl=(14)
fn=(30)
32 4
+8 6
+4 2
+16 5

fl=(12)
fn=(24)
71 2
+4 4
+3 3
+4 2
-4 1
+4 1
-4 1
+3 1
+1 1
+1 4
+1 4
+1 3
+1 2
+7 2
+1 3
+6 1
-6 4
+6 1
+1 7
+7 3
+4 2
+2 4
225 2
+4 3
+1 2
+3 1
-1 1
+4 1
+2 1
-2 1
+5 2
+50 3
118 2
+3 4
+3 2
+8 1
-5 2
+8 2
+2 1
+2 3
+4 2
+4 2
+7 3

fl=(140) ./elf/dl-fini.c
fn=(548) _dl_fini
30 8
+20 3
-3 6
+3 4
+3 2
cfi=(2)
cfn=(52)
calls=1 841 
* 2
+2 1
+3 2
+2 6
+8 1
-3 1
+8 1
-5 5
+5 1
+2 8
+2 8
+2 8
+1 4
+1 4
+4 4
-12 12
+14 6
+1 4
+6 3
cfi=(55)
cfn=(174)
calls=1 -66 
* 236
+10 2
cfi=(2)
cfn=(54)
calls=1 847 
* 2
+5 6
+2 1
+2 3
-2 3
+2 9
+3 8
+3 12
+4 4
+11 2
+1 2
-1 2
+2 2
-2 2
+2 2
-2 2
+3 10
+1 2
cob=(4)
cfi=(89)
cfn=(576)
calls=1 0 
* 92
cob=(5)
cfi=(97)
cfn=(550)
calls=1 0 
* 92
-1 8
+5 6
+1 6
cob=(2)
cfi=(17)
cfn=(592)
calls=1 0 
* 3
cob=(2)
cfi=(17)
cfn=(574)
calls=1 0 
* 3
+6 24
+19 4
-59 14
+11 6
-26 7
+80 6
+6 2
+7 8

fl=(87)
fn=(308)
117 16
+5 4

fn=(318)
117 4
+5 1

fl=(15)
fn=(34)
29 3
+3 79
+13 69
-13 138
+2 142
+1 18
+5 2
-3 2
+3 2
+2 2
+7 1

fl=(19)
fn=(76)
130 44
+1 44
+1 44
+17 44
+1 44
+1 5
+1 5
+5 4
+1 4
+1 4
+1 4
+3 4
313 39
+1 39
+1 11
+1 11
+1 4
+1 4
+1 2
+4 2
+21 28
+1 28
+1 28
+1 28
+1 28
+3 7
+1 7
+1 7
+1 7
+1 7
+3 2
+1 2
+1 2
+1 2
+1 2
+10 1
+1 1
+1 1
+1 1
+2 1
+1 1
+1 1
+1 1
+1 1
+1 1
+1 1
+1 1
+1 1
+1 1
+1 1
+1 1
+1 1
+1 1
+1 1
+1 1
+1 1

fn=(46)
143 15
+6 15
+1 15
+1 9
+1 9
+5 6
+1 6
+1 6
+1 6
+3 6
313 6
+1 6
+1 1
+1 1
+1 1
+1 1
+1 1
+1 1
+1 1
+2 1
+21 5
+1 5
+1 5
+1 5
+1 5
+24 3
+1 3
+1 3
+1 3
+2 3
+1 3
+1 3
+1 3
+1 3
+1 3
+1 3
+1 3
+1 3
+1 3
+1 3
+1 3
+1 3
+1 3
+1 3
+1 3
+1 3

fl=(39)
fn=(128)
37 19
-3 57
+3 114
+8 133
+2 3
-2 48
+2 16

fl=(16)
fn=(36)
59 30
+3 3
-3 6
+3 6
+15 2
+3 6
cfi=(13)
cfn=(28)
calls=2 +12 
* 76
+4 2
-4 4
+4 2
+5 10
cfi=(18)
cfn=(40)
calls=2 +3 
* 104
* 2
* 4
cfi=(18)
cfn=(40)
calls=1 +3 
* 40
* 1
* 3
+3 6
+4 3
+5 3
-6 3
+6 3
-5 3
+5 3
-5 3
+5 3
-1 3
+1 3
-1 3
+1 3
cfi=(19)
cfn=(46)
calls=3 +42 
* 49
* 3
+15 6
-15 3
+15 3
-13 3
+13 10
+6 1
+2 7
+3 2
-3 14
+3 4
+2 3
+4 3
+3 14
fi=(20)
1222 3
fe=(16)
136 2
+2 1
-2 2
fi=(20)
1222 45
fe=(16)
136 30
+2 15
-2 30
+50 2
-34 2
-5 1
+5 1
-6 1
+6 1
-6 1
+6 6
-5 2
+5 2
-6 2
+6 2
-6 2
+6 4
+2 4
+3 4
-3 4
+7 8
+4 4
+8 2
+3 1
+10 2
-10 1
+10 1
-10 2
+10 4
-10 2
+10 2
+2 2
+21 2
-21 2
cfi=(13)
cfn=(28)
calls=2 -96 
* 92
+4 2
-4 6
+17 2
-13 6
+50 6
cfi=(19)
cfn=(76)
calls=2 130 
* 40
* 2
+5 4
+1 4
-1 80
+1 80
+2 4
+3 2
+3 2
+4 27
128 6
+37 6
-15 1
+7 4
+8 4
+31 4
cfi=(18)
cfn=(44)
calls=2 49 
* 48
* 2
* 2
+1 8
64 2
+1 6
+9 1
-5 2

fn=(50)
31 3
+2 3
-2 6
+2 3
-2 6
+2 3
cfi=(2)
cfn=(52)
calls=3 841 
* 6
+2 20
+3 20
+2 2
+2 2
+4 2
+4 2
+1 2
-5 4
+1 4
+1 2
+3 2
-3 2
+3 2
-1 2
cfi=(2)
cfn=(54)
calls=2 847 
* 4
-4 1
+4 1
+1 1
-5 2
+1 2
+1 1
+3 1
-3 1
+3 1
-1 1
cfi=(2)
cfn=(54)
calls=1 847 
* 2
-5 2

fl=(31)
fn=(90)
40 16
+1 4
cfi=(13)
cfn=(28)
calls=4 +51 
* 126
* 4
+1 8
cfi=(18)
cfn=(44)
calls=4 +7 
* 96
* 4
+2 8
+4 4
-1 12
+1 8
-1 4
cfi=(19)
cfn=(46)
calls=4 +96 
* 56

fl=(40)
fn=(130)
26 8
+1 2

fl=(33)
fn=(102)
74 2

fn=(98)
49 8
+5 6
+5 2
-1 1
+1 2
+1 2
-1 1
+5 1
-14 4
+4 8
+3 1
+1 5

fl=(56)
fn=(182) _dl_check_map_versions
156 28
+15 4
-15 8
+15 8
+2 12
+2 4
+1 4
-1 4
+1 4
+2 8
+3 4
-16 2
-8 2
+28 2
-4 2
+4 6
+16 2
37 2
201 2
37 2
201 2
37 10
+1 5
-1 10
+2 21
cfi=(38)
cfn=(124)
calls=7 282 
* 612
* 14
209 6
+5 2
-71 4
+71 4
-71 6
+79 2
-2 2
-2 4
+4 2
-4 12
+4 2
-2 2
-2 4
+4 2
-4 22
57 4
+8 6
-8 4
+8 6
+6 12
+16 4
+1 8
+2 4
+5 40
+14 42
+12 51
+4 17
-30 34
225 16
+3 12
+5 2
-11 2
111 4
+3 16
cfi=(21)
cfn=(56)
calls=4 +30 
* 159
* 22
237 8
+14 4
+3 6
+3 12
+3 8
+4 2
-7 8
+3 6
+4 33
-7 132
+3 101
+8 6
+89 36
165 2
+86 2
-94 2
+94 3
+23 12
cfi=(18)
cfn=(40)
calls=3 92 
* 99
* 3
-1 3
+1 3
+1 6
+13 3
-3 3
+3 6
+2 9
+3 6
+4 6
+18 2
-15 2
+2 2
-2 2
+2 2
-2 2
+2 4
-2 2
+2 2
-2 2
+2 2
-2 2
+2 4
+2 4
+1 4
-1 12
+1 4
+1 4
-2 4
+2 8
+1 12
+3 12
+8 6
+10 9
+3 8
+20 35
-14 74
-2 35
+6 35
+1 35
+1 35
-1 105
+1 35
-1 35
+1 35
+1 35
+3 113

fn=(180)
362 5
+4 5
-2 2
+4 24
cfn=(182)
calls=4 156 
* 2579
-2 4
+2 12
-1 4
-1 8
+5 7

fl=(46)
fn=(146)
26 12
+1 3

fl=(1) ???
fn=(0) 0x0000000000001090
0 2
cfi=(2)
cfn=(2)
calls=1 499 
0 131925
0 14
cfi=(88)
cfn=(322)
calls=1 79 
0 2080
0 3
cob=(5)
cfi=(97)
cfn=(358)
calls=1 0 
0 163744438

fl=(47)
fn=(148)
27 7
+4 1

fl=(38)
fn=(124)
282 70
+1 28
cfi=(21)
cfn=(56)
calls=14 144 
* 336
* 14
+1 14
-1 28
+3 14
+2 28
+4 15
-4 30
+1 54
cfi=(21)
cfn=(56)
calls=18 144 
* 554
* 36
-5 3
+11 23
-1 11
+1 33

fn=(160)
44 1
+3 1
-3 6
+3 1
-3 1
+3 1
cfi=(39)
cfn=(128)
calls=1 -10 
* 18
+1 2
+23 7
-21 5
cfi=(42)
cfn=(136)
calls=1 -17 
* 10
* 2
+2 2
+3 2
+13 2
cfi=(46)
cfn=(146)
calls=1 -42 
* 5
* 1
-11 6
cfi=(43)
cfn=(138)
calls=1 -6 
* 19
* 2

ob=(3)
fl=(98)
fn=(360)
137 10
+4 1
-4 3
+4 3
+96 2
+1 3
cfi=(99) ./stdlib/cxa_atexit.c
cfn=(362) __cxa_atexit
calls=1 70 
* 72
+22 4
+3 2
+1 5
cob=(5)
cfi=(97)
cfn=(370)
calls=1 0 
* 50
+4 4
+15 2
+12 2
cfi=(101) ./setjmp/../sysdeps/x86_64/bsd-_setjmp.S
cfn=(382) _setjmp
calls=1 30 
* 28
+1 2
+5 2
+1 2
+3 2
+3 6
cob=(5)
cfi=(97)
cfn=(388)
calls=1 0 
* 163742758
* 1
+34 1
cfi=(138) ./stdlib/exit.c
cfn=(540) exit
calls=1 138 
* 1462

fl=(101)
fn=(382)
30 1
+2 1
cfi=(102) ./setjmp/../sysdeps/x86_64/setjmp.S
cfn=(384) __sigsetjmp
calls=1 * 
* 26

fl=(66)
fn=(232)
34 2
+1 1
-1 2
+1 2
+1 3
+3 3
-1 2
+4 3
+3 3
fi=(67) ./string/../sysdeps/x86_64/multiarch/memcmp.c
-16 1
fe=(66)

fl=(125) ./io/../sysdeps/unix/sysv/linux/read.c
fn=(484) read
26 1014
+1 169

fl=(92) ./string/../sysdeps/x86_64/multiarch/strrchr-avx2.S
fn=(342) __strrchr_avx2
47 1
+1 1
+2 1
+1 1
+3 1
+1 1
+1 1
+33 1
+1 1
+1 1
+1 1
+1 1
+1 1
+1 1
+1 1
+1 1
+1 1
+3 1
+1 1
+9 1
+1 1
+98 1
+1 1
+8 1
+1 1
+1 1
+1 1
+1 1
+2 1
+1 1
+1 1
+1 2

fl=(141)
fn=(558)
30 16
+3 2
fi=(100) ./stdlib/../sysdeps/unix/sysv/linux/x86/lowlevellock.h
+14 2
fe=(141)
-14 4
fi=(100)
+14 4
+4 2
fe=(141)
-15 6
+4 14
-4 6
+58 8
+4 14
-4 6
+12 4
+1 4
cfi=(142) ./nptl/register-atfork.c
cfn=(562) __unregister_atfork
calls=2 -28 
* 32
+2 8
+1 16

fl=(102)
fn=(384)
32 1
+9 1
+1 2
+1 1
+4 1
+1 1
+1 1
+1 1
+1 1
+2 2
+2 1
+1 1
+3 2
+2 1
+23 1
cfi=(103) ./setjmp/sigjmp.c
cfn=(386) __sigjmp_save
calls=1 -56 
* 8

fl=(69)
fn=(238)
42 4
-1 2
+25 2
-21 1
+1 1
-1 1
-1 2
+6 3
+3 5

fl=(139) ./stdlib/cxa_thread_atexit_impl.c
fn=(544) __call_tls_dtors
145 3
+1 4
+18 4

fl=(134) ./io/../sysdeps/posix/isatty.c
fn=(516) isatty
24 4
+3 2
cfi=(135) ./termios/../sysdeps/unix/sysv/linux/tcgetattr.c
cfn=(518) tcgetattr
calls=1 +7 
* 22
* 2
+1 6

fl=(115)
fn=(464) _int_malloc
3513 21
1208 6
+2 15
3638 1
+2 1
-2 1
+2 2
4147 27
1210 6
3553 6
4131 6
3577 6
+58 6
+62 70
+1 6
4133 2
3637 1
4133 13
3718 1
-1 1
-1 1
+1 2
+1 4
-1 2
-1 2
+1 4
+1 4
-2 4
+6 2
+6 2
+67 6
-67 6
-6 1
+6 1
+67 3
-67 3
3917 6
+2 6
+3 2
-3 2
+3 4
+68 6
+1 3
+1 3
-1 3
+3 3
-2 3
+2 3
-1 6
+1 3
+5 6
+7 8
-3 15
4103 3
+1 6
+2 6
+3 10
+17 3
3638 3
4141 4
cfn=(466) sysmalloc
calls=1 2255 
* 227
* 1
+1 2
-22 9
cfn=(474) alloc_perturb
calls=3 1868 
* 12
+1 3
-7 2
-3 2
+1 2
-1 2
+3 2
-1 2
+1 2
+2 2
-2 10
+2 2
+3 4

fn=(460) tcache_init.part.0
2981 1
-9 1
+9 6
fi=(120) ./malloc/../sysdeps/unix/sysv/linux/x86/lowlevellock.h
47 2
fe=(115)
2982 3
cfn=(464)
calls=1 3513 
* 358
* 1
+1 2
+8 4
+7 2
+2 1
+1 2
-1 1
+1 86
+3 2

fn=(466)
2255 8
+20 2
+11 2
+1 5
fi=(117) ./malloc/arena.c
536 3
fe=(115)
2302 4
+66 1
+1 3
+1 1
+9 4
+6 3
+3 3
2705 2
+1 1
+5 2
+3 2
+5 1
-2 1
+5 1
-6 1
+3 2
-1 1
+1 2
+1 1
-1 2
+1 1
+8 9
2379 5
-77 2
2449 2
+11 1
+8 2
+2 5
cfi=(121) ./malloc/morecore.c
cfn=(468) __default_morecore
calls=1 46 
* 55
+4 3
-4 1
+4 1
+3 2
+1 2
+48 1
-2 2
+2 1
-2 2
+2 1
+6 2
-7 2
2662 1
-1 1
-1 1
+1 2
+1 1
-1 1
+1 1
+11 2
2535 4
+40 3
+22 2
+1 5
+2 1
+1 5
cfi=(121)
cfn=(468)
calls=1 46 
* 25
+12 3
-12 1
+12 1
+8 2
+1 2
+1 3

fn=(474)
1868 9
+2 3

fn=(436)
3031 2
-8 8
+8 2
+1 4
1208 2
+2 4
3044 4
+3 2
+9 3
+2 3
cfn=(464)
calls=1 3513 
* 145
* 1
+1 7
+23 5
1210 1
3042 3
-9 1
+49 3
-49 1
cfi=(116) ./malloc/hooks.c
cfn=(438) malloc_hook_ini
calls=1 30 
* 74904

fn=(437) malloc'2
3031 1
-8 4
+8 1
+1 2
1208 2
+2 4
3044 4
+12 3
+2 3
cfn=(464)
calls=1 3513 
* 145
* 1
+1 7
+23 5
1210 1
3042 3
-64 4
cfn=(460)
calls=1 +3 
* 472
+69 2

fl=(112) ./libio/fileops.c
fn=(482) _IO_file_read
1132 169
+2 169
-1 169
+1 338
cfi=(125)
cfn=(484)
calls=169 26 
* 1183

fn=(430) _IO_file_stat
1147 2
+1 6
cfi=(114) ./io/../sysdeps/unix/sysv/linux/wordsize-64/fxstat.c
cfn=(432) _fxstat
calls=2 33 
* 20

fn=(610) _IO_file_sync@@GLIBC_2.2.5
793 8
+5 8
+2 2
+1 4
+2 1
fi=(124) ./libio/libioP.h
941 3
+2 2
+1 2
fe=(112)
803 3
cfn=(612) _IO_file_seek
calls=1 1141 
* 7
+1 2
+1 2
+7 2
+4 4
-4 2
+4 4

fn=(514) _IO_file_overflow@@GLIBC_2.2.5
732 620
+1 465
+7 928
+37 154
-2 310
-32 2
+12 2
+9 3
+5 3
+2 2
-5 1
+5 1
+1 1
-5 1
+1 1
+4 4
+5 155
+11 155
-12 155
+12 310
-11 155
-1 155
cfn=(520) _IO_do_write@@GLIBC_2.2.5
calls=155 426 
* 17406
-31 2
cfi=(111) ./libio/genops.c
cfn=(426) _IO_doallocbuf
calls=1 344 
* 359
+1 1
+9 1
-9 4

fn=(606) _IO_file_setbuf@@GLIBC_2.2.5
382 4
+1 2
cfi=(111)
cfn=(608) _IO_default_setbuf
calls=2 +69 
* 156
* 4
+4 4
-1 4
+2 6
+2 2
+1 4

fn=(510) _IO_file_xsputn@@GLIBC_2.2.5
1198 900000
+7 300000
-7 1200000
+6 1000000
+9 400000
-2 800000
+17 600000
+1 199952
+3 199952
-3 199952
+3 399904
+2 199952
+2 199952
+2 599856
-2 199952
cfi=(136) ./string/../sysdeps/x86_64/multiarch/memmove-vec-unaligned-erms.S
cfn=(528) __mempcpy_avx_unaligned_erms
calls=199952 229 
* 3300572
* 199952
+1 199952
+1 199952
-2 199952
+4 399904
+27 399692
+1 2700000
-36 48
+12 48
fi=(124)
941 144
+2 96
+1 96
fe=(112)
1244 106
fi=(124)
941 318
+2 212
+1 212
fe=(112)
1244 462
cfn=(514)
calls=154 732 
* 21220
* 308
+6 308
+1 1078
+2 308
+11 462
+1 616
cfi=(111)
cfn=(522) _IO_default_xsputn
calls=154 371 
* 9398
+2 462

fn=(536) _IO_file_write@@GLIBC_2.2.5
1174 924
+2 924
+5 154
cfi=(137) ./io/../sysdeps/unix/sysv/linux/write.c
cfn=(538) write
calls=154 26 
* 1232
+1 308
+5 154
+1 154
-12 308
+4 462
+1 308
+10 462
+3 924
-4 462

fn=(612)
1141 2
cfi=(145) ./io/../sysdeps/unix/sysv/linux/lseek64.c
cfn=(614) lseek
calls=1 36 
* 5

fn=(424) _IO_file_underflow@@GLIBC_2.2.5
466 507
-4 1352
+7 338
+6 507
+3 338
+12 336
fi=(124)
885 338
+56 169
+2 169
-2 169
fe=(112)
506 338
cfi=(111)
cfn=(480) _IO_switch_to_get_mode
calls=169 164 
* 4056
+11 169
-5 169
fi=(124)
943 169
fe=(112)
512 169
fi=(124)
943 169
fe=(112)
512 169
+1 169
+2 169
-1 338
fi=(124)
944 338
fe=(112)
517 676
cfn=(482)
calls=169 1132 
* 2028
+2 338
+16 169
-9 169
+9 338
+2 338
+1 1352
-57 3
+5 2
cfi=(111)
cfn=(426)
calls=1 344 
* 75034
+4 4

fn=(520)
426 311
+1 1
-3 308
+2 154
cfn=(532) new_do_write
calls=154 +6 
* 15708
* 154
+1 154
-1 462
+1 154

fn=(532)
432 154
fi=(124)
943 154
fe=(112)
432 308
fi=(124)
941 154
fe=(112)
432 154
fi=(124)
941 154
fe=(112)
432 154
fi=(124)
941 154
fe=(112)
432 770
+12 154
fi=(124)
943 308
fe=(112)
434 308
fi=(124)
944 308
fe=(112)
449 616
cfn=(536)
calls=154 1174 
* 6776
+1 154
-1 154
+1 616
+2 154
+4 154
-4 462
+1 308
+3 462
-2 154
+4 1386
-17 616
+14 462

fl=(75)
fn=(282)
33 4
+1 3
+1 3
+3 3
-1 2
+4 3
+3 3
fi=(81) ./wcsmbs/../sysdeps/x86_64/multiarch/wcslen.c
-15 1
fe=(75)

fn=(260)
33 4
+1 3
+1 3
+3 3
-1 2
+4 3
+3 3
fi=(76) ./wcsmbs/../sysdeps/x86_64/multiarch/wcsnlen.c
-15 1
fe=(75)

fl=(113) ./libio/filedoalloc.c
fn=(428) _IO_file_doallocate
78 16
+6 8
fi=(124)
941 6
+2 4
+1 4
fe=(113)
84 6
cfi=(112)
cfn=(430)
calls=2 1147 
* 28
* 4
+2 8
+11 8
+4 4
cob=(2)
cfi=(17)
cfn=(434)
calls=2 0 
* 75107
* 2
+1 4
+2 8
cfi=(111)
cfn=(476) _IO_setb
calls=2 329 
* 54
+1 2
+1 16
-15 1
fi=(148) ./libio/../include/sys/sysmacros.h
-44 6
fe=(113)
+44 1
-2 2
-21 1
+1 1
-1 1
+1 1
cfi=(134)
cfn=(516)
calls=1 -45 
* 36
+1 1
+21 3

fl=(145)
fn=(614)
36 4
+2 1

fl=(84)
fn=(296)
34 2
+1 1
-1 2
+1 2
+1 3
+3 3
-1 2
+4 3
+3 3
fi=(85) ./wcsmbs/../sysdeps/x86_64/multiarch/wmemcmp.c
-16 1
fe=(84)

fl=(95)
fn=(350) handle_intel.constprop.0
259 21
+2 9
+3 6
+8 6
+3 6
-2 3
+2 3
-5 6
+11 15
+5 6
+2 3
+1 3
-1 3
+5 12
cfn=(352) intel_check_word.constprop.0
calls=3 132 
* 993
+2 6
+3 15
cfn=(352)
calls=3 132 
* 317
+2 6
+19 33

fn=(352)
132 18
-4 24
+10 18
-10 6
+10 24
+2 12
+68 18
+3 36
-71 24
+2 15
+2 30
+8 30
+51 24
+22 12
fi=(96) ./string/../bits/stdlib-bsearch.h
28 12
-1 24
+8 66
-6 162
+2 162
+1 81
fe=(95)
+87 162
+3 81
fi=(96)
-85 30
fe=(95)
+97 3
255 24
-91 9
+3 9
-6 3
+3 6
+9 6
+1 6
+22 5
-32 15
+3 15
+4 16
+2 32
+2 14
+1 4
+5 3
+2 6
+2 3
+2 3
+1 3
-2 3
-1 3
+2 6
-2 3
+3 3
-2 9
+2 9
-11 10
+1 6
+1 2

fn=(348)
488 7
+14 2
769 1
+13 1
502 2
772 2
+2 1
+1 1
+2 1
-3 1
+5 1
-5 1
+4 3
+4 2
+3 2
+2 1
+1 1
+2 1
-3 1
+5 1
-5 1
+4 3
+15 1
+2 6
-2 1
+3 8
500 1
+4 1
-4 1
+4 1
cfn=(350)
calls=1 259 
* 457
+2 1
-2 1
+2 1
cfn=(350)
calls=1 259 
* 495
+5 1
-5 1
+5 1
cfn=(350)
calls=1 259 
* 520
* 1
+8 2
-9 1
+20 1
+5 2
+4 2
+8 6
+3 4
+6 2
-6 9
+6 6
+3 26
+14 2
+4 1
+3 1
+1 1
-4 1
+3 1
-3 1
+3 1
+6 4
-39 6
691 4
+1 5
+4 2
+73 2
564 2
+4 1
+1 1
-1 2
+1 1
+23 2
+8 2
+2 1
-2 6
+2 4
-2 1
+4 1
+23 2
-25 2
+2 6
+2 6
+3 2
+1 8
+2 4
+3 2
+5 1
+2 2
+1 1
+1 1
-2 2
+1 1
+1 1
+27 2
+1 2
+2 1
-1 1
+1 1
-24 2
-7 1
+11 2
+3 1
+2 4
+1 1
+5 2

fl=(77)
fn=(264)
34 10
-1 4
+3 4
+8 6
+3 8
fi=(149) ./wcsmbs/../sysdeps/x86_64/multiarch/wmemset.c
-16 2
fe=(77)

fl=(114)
fn=(432)
33 6
+1 4
+1 8
+4 2

fl=(79)
fn=(270)
41 4
-1 2
+4 1
+1 1
-1 1
-1 2
+5 3
+3 4
+10 1

fl=(90)
fn=(336)
52 3
+3 3
+14 1
+8 1
-10 1
+1 1
+1 1
+8 1
cfi=(91) ./misc/init-misc.c
cfn=(338) __init_misc
calls=1 -46 
* 58
+8 2
-5 1
cfi=(93) ./ctype/ctype-info.c
cfn=(344) __ctype_init
calls=1 -49 
* 16
-18 1
-7 1
+7 4

fl=(118) ./elf/dl-addr.c
fn=(444) _dl_addr
126 2
+2 1
-2 8
+5 1
-5 1
+5 2
cob=(1)
cfi=(2)
cfn=(52)
calls=1 841 
* 2
+2 2
cob=(1)
cfi=(104)
cfn=(397)
calls=1 -61 
* 906
* 5
+2 3
30 1
+1 1
-1 1
+1 1
+3 2
+5 1
+6 1
-7 1
+2 3
+2 3
+3 2
+4 5
-5 4
+5 4043
+2 1010
+1 2020
-1 1
+1 2
+2 2757
+10 9308
+1 14980
+5 7074
-10 7074
+1 14148
+2 7043
+37 2
+1 1
+1 3
+3 2
+36 2
cob=(1)
cfi=(2)
cfn=(54)
calls=1 847 
* 2
+3 9
-79 2016
+52 1
+21 1
-20 2

fl=(131) ./string/../sysdeps/x86_64/multiarch/strchr-avx2.S
fn=(504) __strchrnul_avx2
49 200000
+2 200000
+1 200000
+1 200000
+2 200000
+1 200000
+1 200000
+4 200000
+1 200000
+1 200000
+1 200000
+1 200000
+1 200000
+1 200000
188 200000
+2 200000
+7 400000

fl=(137)
fn=(538)
26 1078
+1 154

fl=(121)
fn=(468)
46 2
+1 2
cfi=(122) ./misc/sbrk.c
cfn=(470) sbrk
calls=2 -15 
* 66
+2 6
+3 4

fl=(111)
fn=(420) __uflow
299 676
+1 507
+5 338
+3 507
+2 338
+6 338
+7 169
fi=(124)
941 507
+2 338
+1 338
fe=(111)
323 169
+1 169
-1 169
+1 338
-1 169
cfn=(422) _IO_default_uflow
calls=169 +38 
* 95152
-23 338
+21 507

fn=(608)
452 2
fi=(124)
941 2
fe=(111)
452 8
fi=(124)
941 2
fe=(111)
452 2
fi=(124)
941 2
fe=(111)
452 4
+1 2
fi=(124)
943 4
+1 4
fe=(111)
453 4
cfi=(112)
cfn=(610)
calls=2 793 
* 56
* 4
+4 2
330 2
462 2
-7 4
337 2
-5 2
467 2
333 2
+4 2
465 6
+1 6
+2 12
-11 2
+1 4
-1 2
330 8

fn=(426)
344 4
-1 6
+3 8
+1 2
fi=(124)
941 6
+2 4
+1 4
fe=(111)
347 4
cfi=(113)
cfn=(428)
calls=2 78 
* 75343
* 4
+3 8

fn=(480)
164 676
+1 507
+3 507
+4 338
+1 338
+7 169
-4 169
+4 169
-2 338
+3 169
+1 676

fn=(594) _IO_cleanup
863 1
+3 1
-3 9
+3 1
cfn=(596) _IO_flush_all_lockp
calls=1 686 
* 258
-80 1
+80 1
-80 2
+1 6
fi=(144) ./libio/../sysdeps/unix/sysv/linux/x86/lowlevellock.h
47 2
fe=(111)
787 2
+3 1
-3 2
+3 2
fi=(124)
941 4
fe=(111)
807 2
+31 3
-48 9
+9 9
+2 6
+6 16
fi=(144)
47 4
fe=(111)
807 4
+8 10
+9 2
fi=(124)
943 4
+1 4
fe=(111)
824 8
cfi=(112)
cfn=(606)
calls=2 382 
* 186
+2 6
+4 10
+1 20
+11 10
+1 2
+35 12
-92 4
+31 4
+2 2
+1 2
-1 2
+2 6
-14 8

fn=(596)
686 8
+5 6
+1 6
fi=(144)
47 2
fe=(111)
692 2
+3 1
-8 1
+5 2
+3 2
fi=(124)
941 3
fe=(111)
699 2
+7 1
fi=(124)
943 2
+1 2
fe=(111)
706 3
cfi=(112)
cfn=(514)
calls=1 +26 
* 136
+1 3
+2 6
+2 3
-16 9
+2 3
+1 6
+3 20
+14 10
+1 3
+4 12
-29 4

fn=(486) _IO_sputbackc
635 800008
+3 600006
+1 400004
+9 200002
+3 800008
-10 400004
+1 200002
+5 200002

fn=(522)
371 1386
+3 308
fi=(124)
941 1078
fe=(111)
389 308
+8 154
+2 308
-20 616
+2 154
+1 308
+2 308
+19 154
+1 1232
fi=(124)
947 308
fe=(111)
394 308
-1 462
+1 556
-1 834
+1 616

fn=(476)
329 18
+1 8
+5 4
-3 2
+3 4
-2 2
+2 4
+3 12

fn=(422)
361 169
fi=(124)
941 338
fe=(111)
361 169
fi=(124)
941 169
fe=(111)
361 338
+1 169
fi=(124)
943 338
+1 338
fe=(111)
362 338
cfi=(112)
cfn=(424)
calls=169 466 
* 91096
+1 338
+2 676
+1 676

fl=(127) ./stdlib/../stdlib/strtol.c
fn=(490) __strtoul_internal
98 300003
cfi=(128) ./stdlib/../stdlib/strtol_l.c
cfn=(492) ____strtoul_l_internal
calls=100001 226 
* 19691344

fl=(133) ./stdio-common/_itoa.c
fn=(512) _itoa_word
165 100000
+3 400000
+2 200000
+9 7622156
+9 200000

fl=(59)
fn=(210)
37 4
-1 2
+4 3
-1 2
+4 3
+3 4
fi=(60) ./string/../sysdeps/x86_64/multiarch/strncpy.c
-17 1
fe=(59)

fn=(288)
37 4
-1 2
+4 3
-1 2
+4 3
+3 4
fi=(82) ./string/../sysdeps/x86_64/multiarch/stpncpy.c
-15 1
fe=(59)

fn=(254)
37 4
-1 2
+4 3
-1 2
+4 3
+3 4
fi=(74) ./string/../sysdeps/x86_64/multiarch/strcpy.c
-17 1
fe=(59)

fn=(292)
37 4
-1 2
+4 3
-1 2
+4 3
+3 4
fi=(83) ./string/../sysdeps/x86_64/multiarch/stpcpy.c
-13 1
fe=(59)

fn=(218)
37 4
-1 2
+4 3
-1 2
+4 3
+3 4
fi=(63) ./string/../sysdeps/x86_64/multiarch/strcat.c
-17 1
fe=(59)

fl=(68)
fn=(236)
42 4
-1 2
+26 2
-22 1
+1 1
-1 1
-1 2
+6 3
+3 4

fl=(135)
fn=(518)
34 2
+4 1
-4 3
+4 5
+39 6
-39 4
+2 1

fl=(130) ./stdio-common/vfprintf-internal.c
fn=(500) __vfprintf_internal
1321 1100000
+30 500000
+8 300001
+4 500000
+11 400000
+11 200000
fi=(132) ./stdio-common/printf-parse.h
111 200000
fe=(130)
1385 200000
fi=(132)
111 100000
cfi=(131)
cfn=(504)
calls=100000 -62 
* 1800000
* 100000
* 100000
fe=(130)
1396 100000
+4 200000
239 100000
fi=(150) ./stdio-common/../libio/libioP.h
941 100000
fe=(130)
1404 100000
fi=(150)
943 100000
-2 100000
fe=(130)
1404 100000
fi=(150)
941 200000
+2 200000
+1 200000
fe=(130)
239 400000
cfi=(112)
cfn=(510)
calls=100000 1198 
* 1900000
* 200000
127 1000000
1404 200000
+4 300000
+4 700000
-57 100000
+57 100000
-23 100000
-8 200000
+72 600000
1689 1200000
+1 300000
+3 1200000
1359 199998
+41 700000
+1 700000
fi=(110) ./stdio-common/../sysdeps/unix/sysv/linux/x86/lowlevellock.h
47 200000
fe=(130)
1401 400000
+52 200000
-12 100000
-1 100000
+13 200000
-14 100000
-1 100000
+15 100000
-7 100000
1641 100000
-22 100000
1453 200000
-11 100000
1608 100000
1437 100000
+16 100000
-17 100000
-1 100000
+18 100000
-19 100000
-1 100000
+14 100000
-4 200000
1670 100000
fi=(132)
111 100000
fe=(130)
1664 100000
+6 100000
fi=(132)
111 100000
fe=(130)
1670 100000
fi=(132)
111 100000
cfi=(131)
cfn=(504)
calls=100000 -62 
* 1800000
* 100000
fe=(130)
239 100000
fi=(150)
943 100000
fi=(132)
111 100000
fe=(130)
1670 100000
fi=(150)
943 100000
fe=(130)
1674 100000
fi=(150)
943 100000
+1 200000
fe=(130)
239 400000
cfi=(112)
cfn=(510)
calls=100000 1198 
* 6604488
* 200000
127 1300000
1674 200000
+2 400000
-30 1400000
cfi=(133)
cfn=(512)
calls=100000 165 
* 8522156
* 2900000
192 200000
+47 100000
fi=(150)
943 300000
+1 200000
fe=(130)
239 500000
cfi=(112)
cfn=(510)
calls=100000 1198 
* 6530862
* 300000
127 1300000
1647 200000
-1 2900000
192 200000
1646 1500000

fl=(99)
fn=(368) __new_exitfn
88 2
-6 4
+11 4
-10 2
+12 4
-2 1
+10 1
-10 3
+45 1
+5 1
-4 1
+4 4
-18 1
-1 1
+1 1

fn=(364) __internal_atexit
36 5
+5 6
+2 1
fi=(100)
+4 1
fe=(99)
-4 2
fi=(100)
+4 2
fe=(99)
-3 2
cfn=(368)
calls=1 +44 
* 31
+2 2
+7 1
+3 1
-3 2
+4 1
-2 1
+3 1
+1 4
+2 7

fn=(362)
70 2
cfn=(364)
calls=1 -34 
* 70

fl=(138)
fn=(542) __run_exit_handlers
40 10
+5 3
+11 3
fi=(100)
-9 1
fe=(138)
+9 3
fi=(100)
-9 1
fe=(138)
+9 2
fi=(100)
-9 2
fe=(138)
+12 2
+2 5
+51 1
fi=(100)
-65 1
fe=(138)
+65 2
fi=(100)
-65 1
fe=(138)
+67 2
-44 6
+2 1
+1 1
-1 1
+4 4
+1 8
+29 1
+2 1
-5 1
+5 1
-2 2
+2 1
cob=(1)
cfi=(140)
cfn=(548)
calls=1 -78 
* 697
+1 1
+11 2
+1 2
+5 5
-61 1
+1 4
+63 2
+1 6
cfi=(111)
cfn=(594)
calls=1 863 
* 648
* 3
+2 2
cfi=(146) ./posix/../sysdeps/unix/sysv/linux/_exit.c
cfn=(616) _Exit
calls=1 27 
* 4
-86 1
cfi=(139)
cfn=(544)
calls=1 +99 
* 11
* 1

fn=(540)
138 1
+1 4
cfn=(542)
calls=1 -99 
* 1457

fl=(103)
fn=(386)
28 2
+2 2
-1 1
+5 3

fl=(129)
fn=(498)
28 1200000
+4 100000
+1 200000
-1 200000
+1 100000
-1 100000
+1 100000
-1 100000
+1 100000
-1 100000
+1 100000
cfi=(130)
cfn=(500)
calls=100000 1321 
* 59957505
+4 500000

fl=(136)
fn=(528)
229 199952
+1 199952
+1 199952
+17 199952
+1 199952
+61 199952
+1 199952
+2 199952
+1 199952
+1 199952
+1 199952
+1 100673
+1 100673
+1 100006
+1 100006
+1 100006
+2 100006
+28 99279
+1 99279
+1 99279
+1 99279
+1 99279
+3 667
+1 667
+1 667
+1 667
+1 667

fl=(58)
fn=(230)
53 3
-1 2
+5 2
-1 2
+14 2
-9 1
+11 2
+8 2
+8 2
+2 5

fn=(208)
53 6
-1 4
+5 4
-1 4
+14 4
-9 2
+11 4
+8 4
+8 4
+2 10

fn=(258)
53 3
-1 2
+5 2
-1 2
+14 2
-9 1
+11 2
+8 2
+8 2
+2 5

fl=(146)
fn=(616)
27 1
+4 1
+2 2

fl=(128)
fn=(492)
226 200002
+54 100001
-54 300003
+19 100001
-19 500005
+26 200002
+31 400004
+9 600006
+2 200002
+5 200002
+5 100001
-6 100001
+7 300003
+3 300003
+10 200000
+10 400000
-82 100000
373 300000
+1 300000
+60 400000
310 100001
450 100001
+10 300003
-10 100001
+10 100001
+12 200002
-5 589014
+5 589014
+1 1767042
-41 1178028
+2 2156054
+2 1767042
+28 1767042
+3 1178028
+11 200002
+5 300003
+1 100001
+12 200002
+11 600006
+18 900009
325 200000
-15 2
+15 2
+3 2
+46 1
-1 1
246 1
378 1
-4 1
+60 1

fl=(107)
fn=(404)
170 6
+5 2
+1 2
+1 2
+1 2
+7 2
+1 2
cfn=(406) __memset_avx2_erms
calls=2 -36 
* 5000019

fn=(406)
150 2
+1 2
+1 2
+1 5000007
+1 2
+1 4

fl=(61)
fn=(214)
32 4
fi=(62) ./string/../sysdeps/x86_64/multiarch/strcasecmp.c
-1 1
fe=(61)

fn=(276)
32 4
fi=(80) ./string/../sysdeps/x86_64/multiarch/strcasecmp_l.c
-1 1
fe=(61)

fn=(250)
32 4
fi=(73) ./string/../sysdeps/x86_64/multiarch/strncase.c
-1 1
fe=(61)

fn=(302)
32 4
fi=(86) ./string/../sysdeps/x86_64/multiarch/strncase_l.c
-1 1
fe=(61)

fl=(94)
fn=(346)
84 4
+1 3
+1 3
+2 1

fl=(116)
fn=(438)
30 1
-1 2
+1 1
fi=(117)
291 4
cfn=(442) ptmalloc_init.part.0
calls=1 -2 
* 74229
fe=(116)
32 1
+1 1
-1 1
cfi=(115)
cfn=(437)
calls=1 3031 
* 664

fl=(70)
fn=(240)
50 10
+4 2
+3 2
-3 2
-1 4
+6 6
+9 4
+3 2
-1 4
+9 4
fi=(71) ./string/../sysdeps/x86_64/multiarch/memset.c
-50 4
fe=(70)
+58 4
+2 10

fl=(65)
fn=(244)
32 10
+1 6
+1 6
+3 4
-1 4
+4 6
+3 8
fi=(151) ./wcsmbs/../sysdeps/x86_64/multiarch/wcschr.c
-12 4
fe=(65)

fn=(228)
32 5
+1 3
+1 3
+3 2
-1 2
+4 3
+3 4
fi=(152) ./wcsmbs/../sysdeps/x86_64/multiarch/wcscmp.c
-13 2
fe=(65)

fn=(226)
32 10
+1 6
+1 6
+3 4
-1 4
+4 6
+3 8
fi=(153) ./wcsmbs/../sysdeps/x86_64/multiarch/wmemchr.c
-12 4
fe=(65)

fl=(91)
fn=(338)
31 2
-1 4
+1 3
+2 3
cfi=(92)
cfn=(342)
calls=1 +14 
* 33
* 1
+4 5
+1 3
+2 4

fl=(122)
fn=(470)
32 4
+8 2
-8 4
+8 9
+4 4
+4 4
+12 5
-19 2
cfi=(123) ./misc/../sysdeps/unix/sysv/linux/x86_64/brk.c
cfn=(472) brk
calls=1 -10 
* 10
* 2
+4 2
+11 1
cfi=(123)
cfn=(472)
calls=1 -25 
* 10
* 2
+4 5

fl=(142)
fn=(562)
79 4
+1 6
fi=(143) ./nptl/../sysdeps/unix/sysv/linux/x86/lowlevellock.h
-33 4
fi=(154) ./nptl/../malloc/dynarray-skeleton.c
239 2
fe=(142)
68 4
+38 8
+1 4

fl=(72)
fn=(286)
30 5
fi=(155) ./string/../sysdeps/x86_64/multiarch/strspn.c
-1 1
fe=(72)

fn=(248)
30 5
fi=(156) ./string/../sysdeps/x86_64/multiarch/strcspn.c
-1 1
fe=(72)

fn=(268)
30 5
fi=(157) ./string/../sysdeps/x86_64/multiarch/strpbrk.c
-1 1
fe=(72)

fl=(109) ./stdio-common/vfscanf-internal.c
fn=(416) __vfscanf_internal
278 1400014
+10 100001
-8 100001
+8 200002
+1 100001
fi=(126) ./stdio-common/../include/scratch_buffer.h
78 100001
fe=(109)
289 100001
fi=(126)
77 200002
fe=(109)
339 100001
fi=(126)
77 100001
fe=(109)
339 400004
+6 300004
+3 500005
+4 200002
+20 100001
-13 100001
+13 100001
-13 100001
+6 100001
+2 400004
+5 1400014
fi=(110)
47 300003
fe=(109)
372 300003
+9 100001
-4 100001
+4 300003
-49 100001
-49 100001
+1 100001
+9 100001
-11 100001
503 200002
328 100001
503 100001
327 100001
-1 100001
-1 100001
-12 100001
503 100001
-85 200002
+23 400004
+1 200002
-61 300003
3020 400004
345 200000
3030 1500015
fi=(126)
85 300003
fe=(109)
3034 200002
+17 200002
+6 1200012
206 100001
+16 100001
+1 200002
487 500005
+44 1100011
+80 200002
+4 200002
+1 100001
-1 100001
+1 200002
+1 300003
+3 200002
+1 700007
+6 1199931
+3 399952
-3 199976
+3 799954
-3 25
+3 100
-3 400002
+4 500005
+1 900009
cfi=(111)
cfn=(486)
calls=100001 +3 
* 1800018
+4 800008
-9 50
cfi=(111)
cfn=(420)
calls=25 299 
* 78891
* 75
481 100001
+22 400004
+21 300003
+4 100001
+3 200002
+75 100001
+1 100001
+4 100001
-4 100001
1397 900009
+5 300003
+9 200004
+3 2
260 1
1414 3
260 1
1414 1
260 2
+3 3
1417 7
+2 8
1732 6
1430 1
1732 1
1430 2
+7 500005
1732 200002
fi=(126)
113 600006
fe=(109)
1739 3834081
260 1178026
1796 589013
260 1178026
+3 1767039
1798 2356052
+2 5300541
-68 1177738
+68 144
-68 288
+2 1378028
+2 400004
+67 200002
206 100001
1810 200002
214 200002
1811 200002
+28 600006
cfi=(111)
cfn=(486)
calls=100001 635 
* 1800018
260 400004
+3 300003
1843 200002
1668 100001
206 100001
1861 200002
1668 200002
1860 300003
+7 300003
+3 400004
+6 200002
-4 200002
+27 100001
381 200002
1741 400004
+59 288
cfi=(111)
cfn=(420)
calls=144 299 
* 22176
* 432
1434 400000
1864 100001
cfi=(127)
cfn=(490)
calls=100001 98 
* 19991347
* 200002
-52 4
+1 4
+76 200002
+2 200002
+4 1000010
-1 200002
+1 300003
632 200002

fl=(93)
fn=(344)
31 7
+2 4
+2 4
+1 1

fl=(78)
fn=(266)
37 5
+6 1

fl=(64)
fn=(300)
32 5
+1 3
+1 3
+3 2
-1 2
+4 3
+3 4
fi=(158) ./string/../sysdeps/x86_64/multiarch/strchrnul.c
-12 2
fe=(64)

fn=(246)
32 10
+1 6
+1 6
+3 4
-1 4
+4 6
+3 8
fi=(159) ./string/../sysdeps/x86_64/multiarch/strnlen.c
-12 4
fe=(64)

fn=(224)
32 5
+1 3
+1 3
+3 2
-1 2
+4 3
+3 4
fi=(160) ./string/../sysdeps/x86_64/multiarch/rawmemchr.c
-12 2
fe=(64)

fn=(274)
32 5
+1 3
+1 3
+3 2
-1 2
+4 3
+3 4
fi=(161) ./string/../sysdeps/x86_64/multiarch/memrchr.c
-14 2
fe=(64)

fn=(280)
32 5
+1 3
+1 3
+3 2
-1 2
+4 3
+3 4
fi=(162) ./string/../sysdeps/x86_64/multiarch/memchr.c
-14 2
fe=(64)

fn=(222)
32 5
+1 3
+1 3
+3 2
-1 2
+4 3
+3 4
fi=(163) ./string/../sysdeps/x86_64/multiarch/strrchr.c
-15 2
fe=(64)

fn=(272)
32 5
+1 3
+1 3
+3 2
-1 2
+4 3
+3 4
fi=(164) ./string/../sysdeps/x86_64/multiarch/strlen.c
-14 2
fe=(64)

fl=(123)
fn=(472)
31 12
+2 4
+6 2
+1 2

fl=(108)
fn=(414)
25 1200012
+4 100001
+1 200002
-1 200002
+1 100001
-1 100001
+1 100001
-1 100001
+1 100001
-1 100001
+1 100001
cfi=(109)
cfn=(416)
calls=100001 278 
* 77952579
+4 500005

fl=(117)
fn=(442)
289 5
+13 1
-8 1
+8 1
+6 3
fi=(115)
1795 4
+3 2
-3 3
+3 252
-3 378
+11 1
fe=(117)
313 2
fi=(115)
1807 1
fe=(117)
313 1
fi=(115)
1809 1
fe=(117)
313 2
cob=(1)
cfi=(104)
cfn=(397)
calls=1 72 
* 822
* 5
+1 4
cob=(1)
cfi=(8)
cfn=(26)
calls=1 +56 
* 19
* 1
+1 4
cob=(1)
cfi=(8)
cfn=(26)
calls=1 +55 
* 18
* 1
+1 4
cob=(1)
cfi=(8)
cfn=(26)
calls=1 +54 
* 19
* 1
+1 4
cob=(1)
cfi=(8)
cfn=(26)
calls=1 +53 
* 19
* 1
+1 4
cob=(1)
cfi=(8)
cfn=(26)
calls=1 +52 
* 18
* 1
+1 4
cob=(1)
cfi=(8)
cfn=(26)
calls=1 +51 
* 19
* 1
+1 4
cob=(1)
cfi=(8)
cfn=(26)
calls=1 +50 
* 19
* 1
+2 4
cob=(1)
cfi=(8)
cfn=(26)
calls=1 +48 
* 19
* 1
+1 4
cob=(1)
cfi=(8)
cfn=(26)
calls=1 +47 
* 19
* 1
+1 4
cob=(1)
cfi=(8)
cfn=(26)
calls=1 +46 
* 19
* 1
+3 4
cob=(1)
cfi=(8)
cfn=(26)
calls=1 +43 
* 19
* 1
+69 2
+1 2
+3 1
+1 6
-98 5
cfi=(118)
cfn=(444)
calls=1 126 
* 72460
* 2
+1 4

totals: 163878462
