96515
52107
41593
42638
31417
19491
93702
142303
7650
101273
79867
78847
572
104609
119343
21932
114029
76248
90046
57751
153549
13882
98565
37768
119614
156510
53429
50851
126763
59209
51647
47334
118457
16732
156507
104096
115383
28320
22540
10151
55327
8504
115069
10405
103043
151737
124559
64958
132517
62890
110288
156581
76354
53580
84346
35555
87938
54344
70325
140689
125922
63272
6637
1219
20414
151880
78094
118499
27139
59527
114470
84184
102558
26231
6940
123180
27825
148068
79080
75723
66077
4381
9895
62766
72045
60934
107899
86405
61450
111479
51647
76554
144944
58344
71224
120901
119206
35431
14275
36306
69207
8401
125774
144662
139100
9523
135046
139272
141780
104152
153580
155430
67131
155858
60031
111831
141955
31546
118445
141765
5512
76739
93807
147094
47319
94836
27576
12288
51827
103792
121095
39508
72576
150361
51129
7373
78696
21798
140447
144492
2472
141225
106604
102745
109030
89803
94467
44772
56199
34297
131002
38827
88143
158270
146211
76388
119479
95560
84219
84375
6287
21890
39237
135544
34200
48091
115813
79776
70181
151171
133974
67494
39558
99490
4716
32232
130155
94140
65070
121181
4092
146372
134088
39706
26440
124262
138417
137600
155369
65074
38588
126650
83896
91166
37884
30520
56386
26906
114145
130468
62219
118669
132604
132926
43857
109667
44385
63479
122049
12771
130415
140055
31389
137609
107072
20856
114761
88181
69016
73644
74756
40528
122679
87748
150095
95919
119078
135178
21836
50193
125931
86805
57306
39783
33790
128844
125705
92831
137263
119871
33613
113863
144292
55398
126500
77764
117837
136515
130787
61172
64929
30982
49783
26504
2554
4431
133966
38012
145368
115015
93658
25071
36559
88602
90503
144583
102092
41502
32147
125096
117208
57429
56094
105407
14709
74751
53056
126600
153653
116045
34350
73619
86706
147413
65615
24845
122108
6909
75699
154055
19728
41162
49080
73012
108527
146948
67337
140017
107674
137738
57070
106160
92619
83025
103071
152871
98308
102632
88081
79657
106191
82928
61559
140713
25858
131433
37458
9541
139026
157930
44305
77928
84205
101973
59778
114616
108419
58913
44926
65714
156092
71564
9443
156512
6430
57944
84585
16493
89189
84509
146400
45475
54813
124874
132315
91089
112039
138908
117370
131721
73088
132141
114470
122262
155222
155093
110103
140140
120274
17715
74962
81903
87029
105817
117950
151077
51923
40653
46406
14
140897
79745
129295
54844
119619
67454
158839
148639
140380
110483
55138
29647
128508
124522
60335
29722
131588
57617
11502
22245
114722
64434
137202
98694
125683
111734
65273
25151
130662
93174
48171
126445
126486
15697
25417
150771
16725
65780
37934
18039
153884
87016
20967
142734
118784
140609
115202
53219
129391
137000
94373
50257
46108
144151
114698
1086
60782
121718
72067
94804
52130
39548
77363
23310
20234
90667
40140
24277
78313
117282
81712
60139
37463
13172
90700
49099
86540
704
155093
53208
107040
35321
116953
154154
126852
13016
18739
110773
29523
71281
64078
86356
113403
56565
94522
70688
139922
45499
109374
79478
83851
37844
118453
24354
120248
123983
55318
67681
58350
39837
79726
58325
94469
138188
34128
140077
96962
102025
28995
40618
55983
116713
92363
104393
21718
9900
77158
42334
117573
91551
24459
120359
83638
20673
78475
119887
18279
112563
57012
151292
28854
7505
60018
4037
11062
132598
128191
107566
95012
36027
124600
2848
139452
91725
53788
73963
136395
37654
133995
110781
25453
69600
41904
137659
143310
110461
5591
90917
27745
105284
13215
65691
48712
52924
13418
31513
58661
158411
12863
152846
47983
131277
106642
44344
106238
77895
67666
25788
144233
134942
13688
106269
45095
147891
21918
117480
50772
53104
71967
139177
110171
120453
1145
143117
10368
76073
150608
114795
15798
11610
67504
49439
56836
71563
83440
137807
78860
117729
67141
427
25378
71087
47357
144267
151206
99697
81903
117760
146485
32147
134974
14627
7069
34073
101034
99688
127419
53483
109342
17564
58337
82905
20583
32516
136301
106239
92223
116807
95640
147071
36552
118334
158038
20253
69515
12064
40642
61229
51545
90627
56335
27886
9620
13491
143944
81892
68471
98535
93812
127839
77233
44045
59046
141999
129828
94999
128355
154869
93249
60580
103509
27355
106171
152104
46369
75312
14797
90209
68345
106627
144979
60319
31740
99827
20239
69290
131270
116288
19086
16093
41257
118782
140975
83674
82724
67325
83830
91383
109140
101696
84609
111385
33942
91270
129846
110115
43313
94756
53060
9871
21607
158856
137814
120172
106915
41005
5851
97757
63088
63293
107592
25801
155194
88049
63511
121475
130384
147982
141804
81168
24050
93230
22644
102944
39066
52015
144592
151509
78271
105036
27609
36554
134978
128574
101033
41449
136191
76559
154122
132883
43258
79539
82350
32216
10283
30718
124191
136292
96110
158646
71487
394
78728
4140
92717
10236
123671
128610
35922
118074
86274
80925
47744
152880
8246
89763
146821
82800
25006
154656
41144
54375
330
73396
21929
32680
120913
152438
109941
68536
94072
62298
129387
90754
69126
121067
132920
118495
41335
150483
156667
44470
81249
13447
49296
36272
69311
102947
117966
91089
131404
2716
57728
127013
87430
9248
18992
41011
34827
103173
98550
27489
122713
5627
65603
58546
52288
80342
153046
35099
42460
53899
156084
30512
152320
140970
24354
12204
10918
35005
118738
79625
124653
105763
57537
39899
15476
25476
66246
68820
139979
72364
7932
54241
16350
22162
64866
76444
931
2385
32522
40376
101946
150858
2839
67331
154017
67829
20049
136906
94215
66262
10580
43025
30605
100267
153037
112878
107503
129791
681
55255
132270
50747
66601
71479
93212
132498
36275
101696
47944
84184
79833
81351
6426
52272
28247
158945
143436
147784
760
37542
82157
13367
17552
72220
88466
4407
157409
141052
96974
108044
18705
129336
127523
39443
130877
4955
135413
74114
97858
133621
60474
79539
23979
110362
109699
57205
158624
91920
118605
96577
150249
15710
74301
105666
22200
105716
20020
68625
12953
46826
65512
83042
146326
77346
158784
87997
157107
26082
56998
86475
147802
154690
90464
82416
62552
98026
92193
103249
151482
64241
104616
25058
100739
49051
38257
33396
131557
114266
155661
42013
13906
123744
91399
86023
129988
130394
119836
71611
5074
68855
73191
58222
109538
27544
110903
116290
30107
64978
127872
132522
122151
143754
73709
131886
128677
13523
38211
26228
101930
39401
29021
91603
60685
171
136090
26608
63111
124751
73585
9531
129050
109487
82537
117099
1883
94368
2607
96239
37367
72173
85126
108960
127402
133549
75179
84308
149790
4343
134026
95233
24678
132289
71142
64381
46953
150272
23532
131437
98319
109921
85804
35933
35492
70153
2578
108466
69309
28836
44636
7141
107285
130955
129564
47882
94568
151278
55900
137257
51357
157074
131155
68947
9446
129143
10944
36106
113016
116383
69432
48435
105443
126805
10583
834
30015
5240
48618
1737
157575
81742
114474
27666
25617
20206
69701
71995
120752
64003
64112
60808
21225
56228
93732
130567
143409
46750
122529
67552
149018
65730
1219
132000
87287
151360
143070
123978
64523
119636
76902
139555
62183
108552
86204
21015
25510
110888
47273
101514
58056
115005
27730
53879
66269
31740
68983
79033
2323
131799
59149
45654
56846
120636
58956
51794
98791
146752
26482
70046
6544
74088
94533
56546
49719
144090
130470
22816
140040
149749
75932
151126
95578
44700
112731
119509
138475
77063
158668
53324
144793
38751
41931
129183
130477
42033
133646
89233
61523
13476
104975
39551
48911
157469
10812
66897
90706
69396
128706
152313
34972
131431
66883
51388
17175
144505
122034
102950
14143
132619
89014
90958
22985
1513
132604
156157
43316
82732
121129
108512
15681
98681
81564
152340
133035
62599
33396
80242
73758
99053
102102
115478
3649
64854
129531
69674
18133
100440
17852
35557
28531
119251
127019
38629
63583
1402
113530
39990
54255
49504
32393
60284
65308
104900
99540
39292
119956
144826
108745
83640
41228
61428
82830
106867
158001
23053
63527
77264
130566
94602
89327
74362
150772
131697
75450
102453
13957
22749
18087
59506
154865
49781
112296
61641
60054
75786
59149
69174
122527
155260
115537
52519
125748
18546
119241
110224
10148
27502
58206
140956
106265
152944
1357
4119
142181
78154
6430
125328
102508
96530
62813
142579
134619
73627
70986
152078
105447
157706
37000
4758
117648
134490
23534
154719
1927
78956
49989
154461
1372
136968
50604
107285
84074
11307
158128
81268
134175
6543
109010
144330
18248
35517
21454
93553
147075
71473
134875
15816
34284
138000
68043
57747
46962
133811
57104
34051
130928
19208
47800
119952
136661
102107
30961
55558
29563
96249
27986
144708
122228
127176
33141
622
66030
129377
153552
94272
60865
9588
153071
34667
156729
15312
120293
43566
69409
98971
159064
62794
83978
115432
61036
55038
117244
55855
71551
8364
8912
12203
80808
15080
24394
81070
33683
63490
93208
156744
123778
11377
115019
91740
112132
48775
157387
136395
157194
156007
37552
135319
139932
83091
60110
115007
108901
56645
4116
102138
98072
89607
91611
150547
73833
61345
138053
109757
99033
157971
49116
32029
83324
132426
88708
119671
109696
22536
117639
2570
145456
119907
102496
121710
117049
52299
86038
113806
121126
92549
65273
125140
143552
23744
24629
99016
89085
100285
33667
72404
77217
16248
151102
56124
92490
54098
7713
35937
47206
136934
84193
78514
134091
43368
127065
143437
157015
64391
54658
25624
135491
56497
68942
77118
91952
23440
126511
19240
128501
26348
119958
92799
107900
157791
65714
7201
117916
63879
70137
69801
142832
101314
140440
74504
87057
144640
118215
127299
28773
124730
128803
18827
116135
16758
73961
13005
74657
101857
37618
38635
134160
62306
20967
74562
48481
67345
153790
7
71699
87450
34817
55013
72927
105855
114885
146919
41295
21369
100376
33073
123072
152863
32822
68838
14367
96928
47219
83042
80115
25499
68685
108321
151353
109544
19300
134545
41312
22427
74110
148932
142914
263
32215
53089
35950
95245
58047
21828
87757
102609
102997
32237
25880
157065
13167
90516
66105
158475
3996
43508
62137
58170
27576
85096
44299
141663
446
137176
36903
31545
64143
108418
93201
116928
46169
118982
82023
104445
59037
93090
97543
149143
141330
114656
150621
27923
92645
122859
149155
105652
81306
6153
71557
57459
28155
126466
135144
25094
63549
107469
142636
93193
137129
88502
30486
70820
132321
122835
103011
35887
152516
119803
57814
610
54372
32806
77220
158270
2680
32810
133777
62357
17694
61041
11892
142205
122956
119966
63157
95585
77256
12033
35269
40026
122765
129170
29444
50739
138701
96784
150932
149411
13385
35296
46125
43894
71612
103317
78658
70385
19733
142641
54622
116866
39011
13420
102569
65418
102003
119371
90897
144218
89231
137636
2581
97465
89400
33444
74772
35994
74141
108629
117800
72748
116684
15097
131541
6526
54079
50007
22251
145338
73755
147988
68245
54106
126861
7032
133207
42685
51873
12877
16352
157466
148032
101734
1144
120488
99025
86924
40586
128323
98801
12690
67442
24101
131248
154206
89975
41878
80522
125581
134542
35105
138082
17268
61254
138673
57339
77110
72879
13848
140951
10547
33562
76388
74713
84431
122625
35735
147887
6869
96635
94966
25792
109929
30374
110817
114373
76936
139143
68783
16020
25141
43529
24104
17215
96832
68863
57180
110161
116177
64706
86752
25138
157959
40872
79135
76926
96697
107298
155014
128598
108434
83392
3026
112179
86139
95913
139721
135081
136405
104756
117806
46229
73626
118865
77733
96797
116441
23751
132594
61645
110704
92194
17415
125886
37304
64560
76749
132981
6591
69188
19246
106051
72716
96925
41822
92068
58586
135759
96723
48881
7321
147063
89435
73163
56034
49053
13950
54822
26813
53029
150097
32164
24712
149624
91347
47954
62510
82426
122744
88626
1073
42353
118609
110298
154461
126471
126520
39905
48518
25850
25167
87716
42454
38059
157409
20402
4179
55980
97731
136351
147504
74017
34381
5086
105108
64798
113252
106154
65947
6367
25371
101191
117735
12081
72707
37441
117490
91049
76734
142740
17105
78195
108227
60332
85685
79738
63437
56744
137471
106329
42922
75139
10739
158614
9460
14361
29912
52746
25373
71502
43241
148919
85539
105578
49232
119877
74304
45707
99981
8592
25723
96865
156786
139625
54854
102921
133414
88648
57246
145739
6798
96997
58717
48318
115192
65555
154999
34632
24881
9429
60064
120007
107960
100677
113227
35555
1375
35968
30928
72323
36137
49907
42987
157477
19457
28185
132502
147094
16817
94431
21011
93246
150030
46982
40229
7890
99925
116272
87955
109687
95412
125428
139732
15125
78782
16470
7748
99877
53073
95051
46906
112207
134165
24726
17657
10882
68083
25700
137427
11829
145904
32843
82801
109374
127643
55415
10996
77927
81233
131030
124046
97886
115252
120833
29898
16299
113694
72568
131308
79524
103488
136862
129738
45057
18638
117684
35386
80052
120480
104231
81942
146550
29760
4719
39378
1771
46353
82785
57421
115534
34695
151588
151944
24065
16964
96771
115124
118659
38584
92260
7470
51555
143018
141638
25734
22041
37122
146303
29542
35137
15221
57329
144421
97345
96639
69413
71079
137790
36871
126723
77108
145674
109302
116762
44831
81543
141293
185
86623
117765
94968
120708
100866
22346
89527
109218
42476
70823
110619
88404
104251
129755
116062
66446
29716
77128
86612
105961
52813
87605
58515
29004
33753
113434
95053
50253
35131
133276
127013
52821
69657
60366
79603
130534
147244
59619
120172
123085
31686
83558
43757
4303
147252
15381
36907
146904
44511
67470
60946
82470
8021
54313
10655
80620
123065
49323
65741
141386
53657
143370
28522
75517
21700
118760
19838
122850
96551
101774
132333
69264
99022
8705
38534
134031
62732
89620
110428
105582
125243
48065
103320
143799
151479
126816
74740
11483
158670
23587
64526
83100
128501
122100
89582
145683
68219
124255
123522
147409
39906
126811
61503
130565
6615
46122
62334
22890
141163
8954
103070
39132
21397
138940
72588
148341
12372
32831
134724
101407
88191
98472
5324
60201
36317
156084
117924
51168
93387
62260
12002
15985
143436
156271
53094
98748
130250
63346
8408
52265
149994
105449
15157
122550
88401
25497
78414
46405
49711
96308
67363
102992
122694
65742
76706
583
137503
4971
118404
4853
145280
19515
42193
141388
144847
85830
18682
60737
8870
52612
109370
144429
95742
32304
43752
86902
140713
79317
54556
114201
154038
49713
142427
114876
78466
16064
6615
112275
146174
42869
28200
21976
152768
74783
131105
82497
17031
158950
57887
73992
77868
144968
53491
129975
11755
137642
12365
136405
51945
150678
49610
131414
74394
111235
9070
14197
155932
40440
112729
21892
45157
2202
27877
103870
17408
71036
110074
94762
136659
26687
75616
27871
33686
43279
1977
131212
113271
39216
53324
140463
157489
44842
10555
828
66599
100184
107355
35620
111575
15723
95949
36200
107460
131177
157993
139323
60090
49574
67046
139922
18708
84718
8541
110514
68753
147628
64686
52290
88879
108561
12704
155279
78547
141007
15710
131996
33387
57569
40124
135430
40550
91647
76570
101400
45671
5121
47536
17126
65962
9979
149168
90173
150190
77397
25905
27063
96483
130360
105500
143783
133976
148683
136502
116660
111471
111246
110791
132635
108631
61747
141077
22680
66920
107248
40168
127547
36423
105813
109136
116427
52025
134827
139899
87619
151712
20443
136002
141321
65567
24101
26690
19088
43264
60195
151917
40850
154340
103008
62115
77496
150850
152109
114964
148901
78715
1599
48244
30228
97948
69822
47642
15925
72183
103149
46574
131336
80948
149389
50013
69745
77330
138998
148616
26259
16333
152516
94188
92712
158001
19797
84411
134049
113465
122154
7277
39374
129938
34739
47437
129531
5652
120778
48283
59314
57414
10236
10810
14087
117420
143752
89532
53073
115808
52978
20337
121137
37510
73182
44317
51323
154518
131681
53551
71754
103653
157687
46242
95742
8660
130034
51861
51364
134248
64642
97652
90722
13900
76075
64631
30952
148200
112079
112403
70048
144942
33920
135353
127683
92425
68974
17137
123095
82430
25237
46704
95634
97381
147571
42989
127303
153431
19817
112493
34910
56363
152204
66424
98067
100273
132553
108748
74240
62393
16833
11434
69033
72108
127401
124680
120121
147880
33383
55089
91926
35357
44666
17980
41430
34287
73526
49053
91244
70535
102987
33109
133984
158031
133943
142878
72954
118596
23559
68456
14797
55529
63796
25168
140221
25156
112765
157800
3196
97922
24079
58632
26412
145100
104747
153213
56491
1582
110935
119964
33683
84108
11241
78398
143234
71445
131970
32525
140973
65503
18270
126275
103113
141077
19747
146081
23870
85225
49451
136084
71455
25659
45746
112667
16598
128844
81917
80469
4958
109061
85373
53757
151558
75910
132263
114299
151239
18128
6267
8703
132532
31305
149293
66422
75008
51627
150075
152469
30648
135365
24876
87134
86505
7645
121525
126302
144352
5994
147277
8336
81793
110640
70476
94509
68298
143476
88806
20695
37246
18311
69028
87135
81454
19783
24050
37361
72181
111544
17415
74571
99849
39596
139906
143046
884
123320
63558
158326
129482
150365
52444
63822
118879
67869
22059
87892
114373
89065
25466
63701
115683
134423
112450
123746
74562
150091
41989
158540
123574
141321
92477
139992
41777
35992
66655
157928
127168
138492
22365
124398
148641
95730
148302
53252
15198
18004
17701
43546
20190
4743
96355
26561
54323
81877
106210
134518
38481
63011
40637
128588
149040
146183
105043
7542
124775
79784
6744
89796
27674
97604
61010
111413
127970
130251
105675
18521
78094
95136
76723
49493
86897
121665
113456
93162
125796
136684
53324
142600
119985
156147
113076
43332
125381
132747
115606
2006
98071
107393
116918
18349
23784
137489
121686
60004
104629
73831
80244
109807
7112
20810
62813
22948
114653
129125
114721
91438
676
36413
145013
7291
126189
104257
121527
73289
20068
56129
63754
135913
138940
14729
26348
133083
94064
148273
70526
92694
47569
59137
94125
27567
2870
157541
24498
18473
65000
33180
82351
122756
34505
54098
10962
32490
121843
39005
88996
112942
112058
121314
158394
129714
14762
153138
2098
46923
137067
36920
137790
27716
46092
122331
9644
100440
54824
101834
71011
152337
57630
35392
35372
113950
106195
2665
149246
120717
102541
153997
55529
21758
59663
61963
47529
45855
31339
60980
144256
146222
127356
28166
90929
57060
99388
42020
35006
158986
95348
76933
25786
26672
81558
50467
82510
20589
30885
4243
51777
98783
13296
64254
68262
13638
107947
135382
903
45494
158255
144586
68796
88455
99164
3733
108981
120885
24421
88107
21276
35316
82579
124678
90628
135018
87149
41439
85083
24766
89744
40732
126330
146848
83159
48582
100218
105272
118225
63507
56949
134084
60572
96981
110315
148240
41061
103269
77584
26990
144550
47296
101714
96745
38710
93946
145295
76042
19889
132944
101183
102102
104310
132953
68815
117022
37890
147842
7932
73770
120001
150547
38002
60031
154480
41702
69061
48311
10203
59390
145346
9889
117802
30679
52725
152933
36720
82662
127956
149688
138985
47750
105813
118384
117321
4349
148667
137981
24695
102048
19960
139357
136142
106423
66676
64047
108776
117760
151280
143011
62901
80069
143769
90092
26176
32873
73629
73392
44171
142561
154177
42475
126433
93116
95210
78556
117244
150833
122944
111635
40403
83995
37852
132731
106854
760
36253
70485
94725
31933
101143
128526
117478
153501
98861
72447
40616
122384
106109
44317
157925
117596
18535
156977
125722
58663
68858
111501
5028
110056
70256
103770
22583
57884
76396
155868
90492
116829
115037
96202
100143
116381
154402
1132
46807
35072
121507
155395
49650
149733
74879
7088
91733
8502
135227
40096
154231
90049
40739
111571
72067
13283
153229
130627
141078
53667
110
117097
43012
92857
16956
149844
113712
18850
66158
6199
157902
73390
38089
41483
138803
113909
119254
98263
40762
141012
60673
63654
42298
61456
127561
64343
89800
72759
47064
20313
94735
140983
142118
87398
58081
64474
138493
56535
18855
154177
112944
98814
144090
17874
44746
106122
53558
68954
55414
37934
3944
156518
36881
47407
130767
98018
59953
131200
106017
4144
81160
6669
145804
34007
68557
155728
112041
101310
137234
1075
8726
111108
59533
63550
149777
72535
102876
29409
157743
105011
148495
25279
34820
53843
67108
125400
13155
53600
107375
113435
2291
119430
62283
43054
81819
8620
147308
42133
154799
64317
83663
153465
141641
62312
90046
142457
12672
156283
102484
64879
112780
158422
36831
159106
84994
112677
48557
54714
144126
19757
106257
120710
57485
40959
64627
7201
23431
123846
52905
60897
3686
121087
57749
99714
139217
9058
139323
135090
55365
71549
135347
156014
71159
61119
73402
141629
40691
109576
144926
6629
138482
8678
81889
94921
141136
59877
97586
9377
86805
107617
122940
30886
150245
15088
97745
58935
26500
134096
33516
46136
78105
44293
151614
51198
17743
106182
65972
129505
45411
139465
98794
14600
109868
3658
10754
81523
106448
118220
125657
57616
116656
127980
11381
16223
54033
98548
111996
109515
143563
6426
88498
12233
14408
90628
59773
101838
76668
48273
43454
4570
139031
97419
38864
43025
52620
118748
84261
155159
135446
130785
62834
133068
53162
157063
98870
81791
105319
39661
117080
60205
152594
103117
85479
70176
56662
32375
63505
114200
77333
95243
72444
55054
149584
39021
68599
52664
71890
131282
110463
151353
146480
145939
71926
150203
81547
55671
50150
102759
123007
112856
58771
31770
115851
35227
45188
140697
144450
70361
24636
98215
38693
95679
103820
16425
142379
135369
86097
28045
48486
87048
100700
66015
36105
25580
60523
156537
98035
27725
97113
151157
82087
81264
105745
38706
141214
51227
97411
68763
68340
11813
25684
141634
101755
98241
91178
81347
143125
154017
104940
95108
47455
93603
123
33810
61147
101493
47438
46068
16529
143474
121629
61728
151956
148492
11903
75463
79832
125507
115785
43701
118216
133312
87643
78703
10865
125795
106406
50608
54342
4570
139990
84615
143407
39060
41023
80135
17771
31507
42232
33878
46694
52767
63937
122911
125870
117366
57013
31429
110644
134525
82768
98817
20484
148951
126984
70406
50797
77267
58894
148683
151592
45912
87712
152969
108603
44513
24074
75250
48148
20130
19851
145524
27914
1463
1804
148936
91868
26212
33810
88980
40771
156231
63645
154681
119054
36302
42857
11281
60622
23438
71222
76526
27225
7069
15539
74593
5534
24646
19214
20996
101073
84972
49337
69264
41319
144195
141954
51731
157713
96497
5254
82442
6567
31499
41783
76444
141321
154306
24011
130852
50439
142567
16499
92283
134518
118300
45679
91363
38943
93516
124786
134490
131255
16181
110028
48616
146889
95440
63904
69044
12420
55563
40916
18427
47283
22890
151299
147368
67072
135590
129967
78818
13502
59709
32622
90653
112409
90434
120159
121874
4714
58611
117006
20658
67639
145591
99850
125825
17465
43807
76941
7534
50829
133484
33166
157884
45116
64852
81240
41645
150282
6653
155532
138319
80350
131182
136760
127873
119178
69578
139614
47544
134528
72891
156317
52462
106832
32152
19172
138034
81451
148878
83746
148635
147183
60818
60764
144385
145351
159023
130770
67159
85672
54620
139944
29819
125723
120653
105330
104354
75300
158785
133513
132896
127396
97047
134328
70699
100126
82992
77518
133458
69664
46833
96015
145603
133186
100051
150121
147726
89661
103408
113518
50929
93378
87198
32106
82188
141857
70199
69922
139614
116345
84247
48128
71690
110928
30910
26252
96534
42651
36463
121856
44127
6136
7049
80664
29719
92387
96939
149675
20398
18224
130894
4171
13135
142792
135833
91093
98493
136033
80515
155484
152809
147504
102461
97315
56966
133984
124389
110697
111572
146314
86550
68698
21915
1674
122362
119195
19743
103087
34131
44740
144085
48297
144120
82130
97679
63430
71784
18314
120585
81068
127709
46729
46910
15367
24908
107915
43424
80481
20391
93370
49715
37384
28575
14211
79921
4261
61296
18346
5157
88097
148624
28798
20625
146491
34701
70540
150100
90657
24990
45286
125716
27885
66341
81865
101412
151806
144993
101722
153462
73081
129276
149819
67458
11836
97039
6457
99163
38979
140524
94509
51935
23809
90415
11182
77076
29403
16848
114469
127159
145662
9068
3266
89379
22463
4520
88397
28273
18992
35203
88254
10334
33462
68245
35601
936
26978
87361
76276
87626
59394
33378
93259
41869
93461
78188
100378
41509
39846
41795
37332
53967
130141
142955
4461
109398
148996
40857
823
111114
45442
1814
34957
67403
125903
147694
10015
20053
145100
119620
128113
35902
158044
145715
132315
133560
69679
60424
136774
1172
153229
39445
106569
128324
150188
109538
76798
66494
153390
53272
135607
12366
54653
107206
155945
61398
39864
97013
122975
146966
74562
66238
52465
65458
98137
38767
103886
9343
34372
2576
145804
90474
44783
131281
98775
12329
151558
73332
33591
153218
51810
75318
42900
48045
5348
97411
117341
62269
145709
18085
71752
123854
129266
17493
124730
74619
76232
141011
111259
103596
133316
99228
25119
68030
99562
28889
61940
61417
65422
54469
40454
127760
71366
103729
136249
21975
26848
137240
131172
132477
100935
12549
26801
68942
127487
78440
66138
93922
94438
62841
45697
56050
37372
158648
123945
116093
72118
99865
96914
127958
66310
16706
71607
9753
97073
104925
9443
94119
125573
146921
141302
133906
120404
13492
89662
26090
89429
23250
133009
16401
8290
49679
51607
84686
11129
133118
5642
34667
93066
127439
149055
112413
4731
44792
14309
122873
108654
124737
81815
25680
86332
43629
98180
22069
42607
3118
33536
94896
59018
104980
150524
106870
36211
25508
156726
9024
122917
104615
9622
693
112581
107425
45572
156080
61612
34295
32103
81911
58484
121405
125144
63661
149729
156875
127667
141163
42209
69677
151360
6626
50170
142440
99172
147293
89998
38049
92488
124755
49971
66734
17479
32339
32383
147729
3373
144532
155083
48845
92702
41284
88154
15674
138270
62942
86188
2627
110811
44796
50354
48618
151165
53089
123645
93721
1380
51690
156563
139051
61565
144237
34609
123211
64419
134528
108006
31458
10588
7561
29842
69566
129055
91103
90349
85438
88116
122419
49189
90042
141565
40487
101425
34696
147898
52783
108444
138548
3785
51649
76519
86623
108897
116535
155662
18626
156889
81747
57292
24128
149021
116562
61507
16645
44279
89075
145720
157937
10932
24019
48439
4254
9141
122834
46347
45540
133814
37881
85488
158471
100408
154255
73517
110617
143563
106135
132823
15909
22753
108885
124993
141684
68818
139670
41762
95756
106653
17619
3325
100540
143617
61019
124833
9114
141947
121356
116220
80767
103877
116742
75695
148611
39577
11196
54644
144793
130797
143091
143867
67266
92789
125501
52469
95733
138966
136515
145864
62003
17669
13440
138170
144599
36820
79260
124261
21629
125878
125986
35572
145599
151968
126991
18396
32064
123048
19265
34810
5850
120265
37001
1348
43964
21541
54939
1080
122923
108368
136508
18964
14400
157819
22506
121153
5894
81468
140299
89113
19593
140294
116991
9659
23097
54846
140320
105102
119884
74901
67808
31627
150680
145276
49386
101396
95869
64506
82806
22302
10403
58364
106618
113498
32035
11383
102201
14979
19525
52668
40427
56945
120231
15376
159078
80401
147604
136008
28920
76820
118944
49756
131715
152936
24970
64912
74202
792
75106
56122
5811
265
76378
95017
122589
83483
70329
159131
80931
145597
41298
60061
101627
61938
106597
117756
156680
4838
113897
52576
140492
109188
105859
157
130157
87972
37250
9192
71481
111839
87509
78868
132537
92235
110697
22965
25186
108743
74521
64869
35852
107355
2281
50125
84784
47532
103790
96159
148446
55308
58465
52614
6087
93506
152136
88488
24061
36275
65437
61675
72016
112247
149308
82548
150365
127673
78895
87250
130970
53268
45289
18801
92849
95014
142321
2134
140532
21761
72301
57027
37723
84811
59856
55397
72873
55089
9971
34017
62580
128981
131541
87128
118239
72010
53580
89731
90110
17974
50353
58785
144334
98561
8356
144911
158173
112039
38839
14986
149875
50496
148473
111993
13098
128506
155309
142529
102261
59859
14608
120662
126518
139419
102533
24228
124903
141455
29182
884
146758
125259
70629
57007
62183
145582
140997
131204
146435
845
133606
54905
108203
79307
97747
39374
117768
25923
142837
141327
126526
132237
118619
60471
62857
113170
89216
16167
145603
24619
143672
148795
94639
158398
81423
64402
97363
136567
69297
59143
148513
81673
110746
115822
53538
57384
22039
140392
142907
26313
145347
49955
106824
50390
151032
74029
116390
13843
104007
11338
94316
771
55734
44636
19265
144883
26217
131146
95822
113545
30267
153999
20654
2322
103116
123206
15793
34663
6045
46189
11517
139325
141379
2101
55535
148086
24138
149155
78271
133772
53595
95296
28891
145784
124974
119071
55591
77217
93862
18000
155238
146999
74461
88162
154139
25497
17529
122302
85263
111938
59457
136974
38801
135163
124299
15080
154855
85604
3121
134215
33681
22830
110732
133875
18075
41622
75105
126708
11600
81397
104102
20573
20041
56996
5379
24774
49439
45903
58422
46078
26044
87481
112616
8882
134122
40676
95560
157259
49738
58100
149983
78118
155433
84815
93048
101120
38599
47199
52352
47572
109284
120442
419
134096
98241
48460
124242
35117
61677
70286
36408
11741
111800
30627
72023
70643
10085
67387
100239
156423
28327
86188
137768
157838
57310
140050
94036
30982
132772
106300
155662
77942
99859
126540
24288
11559
99357
49107
155563
112616
61507
93752
14693
131182
27276
21071
151242
154741
140999
27836
158336
10331
28625
22215
126275
45111
121974
57916
150678
117186
51209
34079
138608
143117
69124
27407
134600
59786
157411
42182
119105
70989
59908
13009
101785
62632
133490
121133
70117
155707
29736
27914
98298
106411
120058
84515
14204
75146
142090
115879
140925
4382
2323
146209
78864
9139
89102
80808
107806
25333
95402
21147
95419
1844
116854
118831
140203
136605
110783
58337
91928
89430
84485
6125
12910
147258
112599
88700
50443
60736
25578
73615
2635
57270
76830
13170
151521
101067
96760
141419
42687
82240
125267
111889
77384
107161
49812
57884
114677
22597
61831
88978
155401
156366
109370
115986
61632
39338
148718
86393
145792
27115
150098
70053
105411
152266
59758
37038
145809
27729
70507
36285
142884
19777
9381
6847
7050
92259
16248
32054
122490
93782
112327
62174
119458
105307
47594
32788
12326
55397
121283
88552
7235
67444
121070
24288
63548
12978
138185
81343
101355
108235
115449
21021
148974
57188
45027
47345
111122
130725
28852
34709
80506
158811
87561
112363
89196
123247
122114
21607
141203
123007
56242
22645
40067
112337
66825
39464
23917
6109
58430
80265
100843
36334
139010
30814
138499
61015
135912
64398
23515
89813
23823
127387
50576
51540
21248
130006
32687
75574
68202
108097
151607
77395
147277
15916
5689
158567
38036
93362
40959
88143
51856
79022
69395
32147
18600
129988
92201
63318
104052
22040
68865
40249
33747
23964
35303
141928
53277
85737
17364
10580
84108
8088
145982
2246
112667
41120
83506
84143
4797
14152
16873
16122
91774
119174
79785
90421
158745
126613
90075
49614
98602
135089
148921
60579
19960
139497
69306
45055
39142
143228
40452
6357
57505
69164
4685
31319
42774
42022
54460
54306
102592
9022
8105
44772
64866
18093
45312
102744
106991
105755
98796
145642
72160
98473
11472
131546
18229
771
88793
75329
110396
125322
156175
107615
80602
97034
67599
74042
107770
76723
13155
43597
99669
65793
24665
92392
27216
1394
42938
158856
44058
85717
139841
53693
13155
3553
52989
111682
112220
7688
39644
31348
68238
60517
2202
73707
117188
118216
106098
144294
155302
60686
5679
57638
90541
54588
113411
56922
56526
117436
63833
65872
40951
12671
47304
122591
150404
106191
100946
90028
129067
109011
14009
108235
121113
144286
95121
135650
43617
58738
158029
35441
59515
150324
142331
12063
147817
14187
146564
114629
100778
82228
93721
8923
122447
70271
56543
154985
105781
152739
139592
90251
77199
110663
29409
159041
98694
70336
145761
70271
34405
71771
89527
129189
80280
114514
29140
147026
121070
22382
31418
104696
3082
86302
27757
105571
9655
91594
10664
41029
155969
89093
108040
156814
33835
15044
119497
146292
104941
135003
73414
21761
159106
103906
32967
33594
108389
150367
80186
84147
152319
114796
145719
30582
15206
117607
111838
67143
60319
132598
16012
146917
38846
45472
102718
102745
45858
137462
128523
7622
131635
73658
12596
54962
24473
24951
41024
133286
20671
71347
95509
110140
148117
143699
13447
64453
31357
47806
22115
34292
121648
18113
97603
138701
126228
154543
32183
98395
95794
142687
83888
41024
50495
14723
46912
60890
114029
85728
142433
132090
116102
77928
149596
23154
112433
92812
18326
87741
87692
66912
97382
77367
145715
14857
34030
152091
13126
138516
87961
75454
9906
71023
13140
91874
143051
60986
17420
5139
123274
34213
73352
91841
36243
67267
26654
8840
87199
136298
82052
89233
35742
95233
63563
4385
123428
76042
144497
117434
26044
85007
151460
31386
94279
87949
141037
2479
76691
150270
40269
140785
12058
24798
106780
106892
71845
154309
62331
121458
53858
100238
147679
75314
157162
140736
81034
53813
111395
63226
35517
149886
54100
51554
114598
26254
36974
53406
150190
41277
67024
95668
61461
154225
31760
81268
12928
97775
104362
10255
135558
103214
84463
24889
19696
113993
119989
96309
116943
13422
3617
130567
2185
99111
18344
140081
21904
8055
12098
145696
492
34062
94204
10553
75329
99285
98448
158947
66682
64236
140506
92964
81465
61078
81240
54314
21970
46058
158401
32974
56232
120860
3738
104875
123721
7834
146162
100895
124121
155648
67687
69222
44818
54216
71555
133041
116310
123998
23449
50928
49213
47110
11151
79761
145502
56463
62975
80101
112361
101936
63149
12457
68530
69153
126331
45856
105005
49007
132749
23488
54623
63554
9411
99500
145892
8898
141942
44197
35519
38251
56214
23285
97005
150371
75467
150614
135545
26029
70812
120106
135323
21674
44646
108535
94543
47137
106815
15865
100935
133518
113843
95883
15170
55683
58423
128045
87550
124199
117924
113943
29854
2979
95728
150414
58480
134888
104800
57867
117476
10756
81340
131707
8303
147027
18577
115228
107725
47852
116936
46718
5522
113870
6924
156800
114753
83226
156415
37268
158941
124449
111785
46903
85553
73473
81635
77579
115017
37052
60297
78642
143765
89343
70625
133174
97160
38670
7362
110153
63711
18925
36306
59786
8999
140062
115076
81718
72462
19948
14978
132325
36757
15301
17327
138824
16499
61161
99485
57224
80562
91351
105837
11095
143391
32444
98215
39990
49652
40318
5640
75525
99239
16884
139777
138211
149745
138853
120412
63564
52614
134550
94843
132198
118493
129333
30087
65535
10708
88463
32234
7523
145259
88544
78419
65452
85449
151732
130756
63475
2965
145804
70590
27246
110632
74703
104033
114880
47438
109950
32183
112781
68943
58401
61541
21845
96344
41214
94355
10451
5329
84228
157706
54188
73965
21192
48140
82504
57791
12875
51726
20535
133007
75007
8105
22937
116501
14946
126098
59656
7035
52385
158348
104005
120559
148442
41858
59614
46326
55409
110325
26901
49808
8493
87469
37770
34924
45330
81797
24181
74453
36283
48053
29585
59607
9114
32796
25548
10149
131540
1340
18380
4169
127436
10445
134773
123748
130696
77174
40542
3357
80983
129988
123469
144995
53812
118393
56237
52506
144681
154741
55785
116866
109758
105578
9198
144429
42129
72204
102801
89246
79755
93984
71799
30838
86623
7926
84035
133086
113022
33182
103334
127441
127700
46231
9352
82464
102412
68447
35593
138895
115223
38006
74444
21180
19304
148886
45689
129665
38727
141534
62473
138759
8858
4493
42646
6092
61639
95559
103495
109105
74470
113684
19011
20764
42276
38159
19265
78178
132558
7277
54358
96133
48904
75312
50684
49961
18936
55906
52525
126811
133909
41557
22594
145571
67408
42172
101703
55436
90097
93930
36306
4207
48128
85290
32432
35212
27041
140660
154729
87120
59353
91129
78488
74642
88804
38475
146941
51545
77680
108924
100579
111795
31030
5373
113606
85802
53053
46140
16716
58615
17121
34853
35227
41239
33613
109303
60510
14008
57243
81314
34488
24934
84543
51051
11219
77276
69846
120723
11548
19121
155662
138481
4680
99295
112080
37833
24207
127109
70406
57887
111057
87016
48306
29678
5361
28786
134528
73359
121414
107447
42485
86494
69612
25923
24983
53376
74732
153768
123555
152336
50189
151419
27806
62021
54156
151408
21845
53499
132160
11597
18671
18843
62416
140970
155228
20141
103858
98193
51671
140545
136554
111776
18570
92200
26387
81637
126416
147687
120217
27650
9905
57556
100983
97732
91289
128787
139832
8882
137251
115045
12622
55327
132716
39005
51473
74627
27687
63960
21681
122197
97930
86396
77500
46050
153378
143137
70860
112713
45120
114373
148309
9487
27954
67981
90029
143369
24923
42907
60908
91421
50646
76415
38121
19511
2734
55915
125443
31109
4116
16002
144942
45043
26209
93980
116953
36987
130793
128347
120933
37098
19647
8499
124010
22658
108347
107875
132263
23704
116005
47787
23392
99312
47404
27457
129140
106167
10403
106612
92754
14322
122769
1233
145083
130917
38150
127946
53691
13551
135281
59627
38343
15674
38154
136910
39390
1949
58492
50809
101147
111730
126879
77568
150704
37009
119732
110827
159083
115886
108062
44920
135787
143409
58591
112079
38126
47376
88519
108805
52051
92537
69337
66069
55451
121083
40959
18120
30648
119705
17705
156692
127376
24154
26586
61616
88526
86635
135933
26724
101675
51375
68324
49049
72233
141107
120110
22250
24553
96582
33156
128704
125297
34314
54653
71493
31066
20967
74254
44742
28871
46003
121551
70644
105683
29835
91070
113125
2834
70245
157299
131136
117301
108079
14598
104562
145216
144845
20986
106135
79806
4899
78875
88877
146356
60061
13167
14803
56423
18661
18040
140009
154399
108672
24394
48945
111140
135415
2393
45055
101586
65461
82070
131
84885
117087
145412
155270
147476
200
93040
125539
133127
7343
7658
112786
125480
59780
34580
69424
11583
64497
72023
118939
6626
138814
55638
139709
11877
91126
130455
118110
7172
109928
78313
125572
144545
64256
16888
117246
130582
110666
104152
66545
143447
125721
45385
16925
3666
123620
116593
25601
44809
133972
157014
12073
157986
126167
89430
61886
107473
133048
139980
65817
146578
126845
4532
30547
78499
11688
66097
42756
158527
139977
148436
72320
109180
8347
142023
95682
26395
145487
97818
103981
28978
132325
147011
41336
42120
155870
83162
43021
13671
73571
77330
139764
134512
47942
54069
56191
6078
101606
73762
152438
63432
106975
18248
113712
68330
142103
26170
129047
78673
132135
89534
42672
74330
99061
115248
71184
74656
141815
42483
74324
91876
11827
96697
17690
8380
94724
93618
23964
50345
128039
129189
63654
36885
96519
92301
89080
138793
128825
152027
109095
101014
10305
107960
100826
104013
44741
84954
109821
73688
13931
128403
67117
155222
1947
64565
46854
94560
39918
36513
108949
21359
38559
18715
129887
40527
146150
12642
141459
26974
18456
105759
25684
17350
73739
131503
67331
40291
66856
42704
120134
145989
120319
132227
152577
23228
101830
113821
52192
58565
132510
60574
126226
130368
119236
102779
74254
140734
44324
17529
124754
100930
3607
82142
19267
97842
52159
53912
61639
87106
117639
38900
31511
56602
108961
53695
107326
141590
63670
55718
125346
126193
135446
114072
104399
80330
74456
15160
71408
39435
64047
126136
68076
127578
39275
5829
156296
74779
131713
37559
14882
55696
21995
131084
105119
45566
109325
6426
85660
48490
117272
76865
68625
75678
123626
35370
69827
49468
56461
72722
36217
45863
118123
125140
73301
71642
125630
55824
7840
111325
100159
140401
112163
69280
98172
133286
22021
23141
113494
2082
62642
151610
47117
1325
115520
134446
40109
85040
40995
5526
130369
13527
45904
24796
156938
12998
86144
125437
13609
113271
114672
97013
76882
114698
27300
64182
64823
75639
33685
8300
50128
86558
18485
143502
70271
99969
59697
117697
78745
130547
142157
133744
57404
101677
14222
100448
123774
9232
70030
87712
47865
80438
97065
158411
75029
136946
119626
148068
25869
142507
114199
22201
143243
114367
20457
156349
68388
115124
151571
98473
146935
115115
148853
81126
28596
157843
131161
2378
141216
9417
76734
25925
127206
117949
56975
138015
32676
142544
14397
106133
67848
45687
75810
116818
48448
40768
89712
129481
28560
106338
76533
14231
130115
57665
23419
12007
41019
13087
86403
81675
129175
47476
158471
126732
64714
139176
158990
144084
900
144325
151075
155012
78814
122274
104853
98214
43605
53427
37148
119978
28716
150404
141398
100092
120962
153351
73157
139788
74703
74752
49461
9445
154229
11788
66706
95472
15163
54183
28617
48963
75077
114260
145672
53556
35817
106331
64171
146036
133609
99921
131581
14510
152097
48845
151312
108045
104299
5311
95419
78234
127051
19206
115352
10224
29709
109391
38863
153901
57206
126951
21836
27345
105178
140861
132108
54082
51574
83644
28271
81138
61734
16488
146937
135413
153583
71106
59800
80048
131567
59607
58107
140456
22554
137501
123496
64142
28679
41323
84875
17509
120165
139270
151529
22181
45627
140298
68202
133412
22755
10327
55940
44563
65684
24781
27835
56637
141836
10266
126071
74560
92478
68773
83945
14737
113271
92175
110346
20136
84892
88401
50180
120416
107223
41878
68659
107906
4050
99527
117949
59478
22102
20313
106589
145190
113723
101396
90680
120484
35942
117059
104356
82173
142934
27020
29295
32035
18577
97406
158849
6284
136107
35102
39341
22499
9199
92116
116646
143616
123545
58222
153379
96874
100038
66525
28385
68900
83099
137938
101763
130649
20499
120998
134809
152107
56778
74822
46623
55720
27886
63949
131637
123042
20759
14186
92453
90805
46503
90477
156856
127982
107757
155063
101696
108983
158713
155184
128359
151411
151558
136975
43610
93919
130137
118931
127708
155260
142637
61561
59105
61855
94469
53340
56934
154399
33809
32930
147212
106389
41557
38220
46858
88801
150254
134828
6059
83372
27505
128281
2404
131371
15962
104477
79326
153649
99735
150014
43224
110116
74126
130451
91906
22917
72284
67024
110315
88930
21472
89140
114593
37586
150795
91888
68467
106135
136187
148488
72852
93622
155342
39516
152250
120050
21968
48666
147175
117124
14610
110431
27562
95556
65146
80581
103539
118252
123620
130547
91397
70359
67370
60625
58445
145232
39060
126015
127609
55058
12670
116831
134502
8389
134299
79530
41356
130418
87497
12779
71571
60582
47586
134183
73269
12043
15104
46693
111770
91935
141556
50513
130732
21857
136631
93220
96195
62309
73922
22864
3613
63825
44282
126750
73012
6680
31246
116593
100472
86201
20032
40245
18491
153477
135476
58520
67403
107004
17162
8855
80212
76629
138942
72287
104447
60848
129308
49347
23833
43245
116385
157835
128389
73474
72562
78715
19929
121551
7198
40751
23537
90741
99406
79762
36292
53122
149113
96008
83438
39700
4274
15341
58535
46430
79412
47776
139039
121096
18932
151351
5657
127286
44427
156435
19461
91113
30825
124052
145412
140757
47474
107782
52935
14978
144856
64442
74626
86553
1050
50089
7470
67493
41977
47754
77498
4150
66304
130634
56466
134767
125796
91036
3439
85734
16891
25528
58160
34945
8521
70961
17852
79427
57180
138752
56684
55836
108267
147222
50061
34476
119596
145315
115175
38771
46894
36869
65039
152299
41352
139494
41351
96969
12649
130346
86062
150302
18225
36090
37329
122560
70347
98602
150608
67687
70517
95339
88969
7592
37635
91185
52845
81507
141541
79902
317
9284
140037
82430
75719
46970
103769
42490
149675
100516
41672
146358
135791
147626
157577
86325
124469
77942
136191
126569
13820
69928
68458
49581
102761
28071
30723
96939
81492
16486
156147
1775
95269
87912
149479
142297
3136
60867
64616
121932
125190
2338
63432
132920
144122
53770
133599
149303
157770
8992
40691
102869
6375
115100
34930
80883
5827
65569
113797
127094
45024
12260
9182
140377
59237
123958
151853
22048
62648
49170
54897
130238
45078
89055
149396
29676
113878
136972
873
150155
35692
98795
94514
124414
101451
59638
9265
106313
2525
22224
103313
21028
66125
39906
6088
60804
84554
82968
98809
153734
157646
55049
78836
124959
71922
3504
64700
145970
55207
91525
123015
122345
62473
68972
94290
76244
27544
102179
54041
32073
76865
153518
129020
24627
7046
90403
46586
131332
10555
115691
12502
18570
86792
130588
110106
142802
82768
70270
11507
97042
138343
32892
131770
117275
19536
25743
132549
127273
115446
56818
50831
69126
5974
133565
148896
123163
136484
32463
40565
79609
21726
115714
157489
116150
141812
50158
89077
70402
102152
156092
24973
109737
92030
2865
4967
61684
81518
78276
27802
149411
36133
98744
71061
90151
54805
10915
157184
106701
154645
143586
77356
15160
15876
69187
146803
90253
115505
117583
106501
24499
64963
36381
139397
54383
18044
114942
102944
118406
135183
105501
37552
36869
74807
4414
134282
150761
154982
71457
70148
34206
22771
15018
72775
82551
118714
141802
32759
58885
108518
18745
118232
102343
149786
145615
16896
122446
2280
150066
61049
65131
7832
73460
143121
27102
123473
61230
152982
133966
155722
66776
42843
138164
153019
46854
35796
36568
63145
12370
143437
107606
61179
114346
154096
54383
123793
13263
100043
46025
87627
113856
53042
91108
78703
88799
98448
8693
94393
137918
11411
107990
88352
90259
11176
70828
127181
101909
101774
31353
102439
128574
19986
17449
38479
149269
127058
22251
60572
119088
139265
134451
686
29989
70341
128041
101930
114502
61433
24930
17705
66902
105675
59593
97513
54114
102834
119008
52751
42722
81962
122302
26724
49979
44849
146131
128169
100603
36708
54681
121559
155004
116383
105164
13087
84767
64897
135564
33359
159105
132892
108197
35180
4716
6268
63918
104499
153862
59150
146113
157651
154282
96209
100178
94014
12490
93721
84638
105961
137335
131893
151214
134499
86466
119179
26463
106417
50121
122315
14474
100556
106991
120534
66728
109760
72057
47088
137165
127870
129018
21214
147869
60430
136997
27513
98074
116103
5896
111626
141657
37688
28288
27066
15742
26221
102627
124653
116980
89156
136748
151175
59237
149974
25715
119682
155762
13023
94166
15329
145698
142243
118482
131757
125652
20372
86788
104927
11445
81938
146113
154196
128367
35477
12070
138028
84456
72091
145814
34840
82120
30893
26800
17052
41077
22901
156239
114735
128381
71475
21515
108089
135318
35118
91675
39739
134971
33597
112052
22190
8631
65009
26429
140334
52716
85566
3197
68154
117420
67685
126271
43366
100143
121261
153054
71092
54174
145376
47602
104373
102338
101766
102809
15280
3045
53065
124063
144358
83200
32950
2556
67711
125204
3078
60316
27739
29053
5698
147308
24835
140203
59710
89140
71752
23281
120756
54869
59052
130167
113727
113606
17130
60608
129904
82158
65631
97267
3235
124918
57275
56627
127813
144670
128984
158773
17837
70986
145261
85861
46644
117275
7461
11653
46522
99902
56022
25760
51596
22664
140855
43643
107761
31001
52018
138148
147025
143645
65477
136497
146691
112052
25708
131854
33456
1544
112610
154639
104573
21491
88891
26032
148799
12204
154691
115903
142995
122264
144078
156351
145588
1685
110763
28061
84321
105519
86832
122472
116587
96192
34974
58935
25440
155438
127782
54421
31165
151482
142823
113485
46243
44036
145080
26864
147995
125235
69301
70010
91228
37122
107571
79126
8310
66418
50141
46621
58096
21415
97034
119913
89165
126892
65713
145768
38023
44007
2164
80234
26922
16029
131208
113312
114448
4825
58976
67835
141780
2625
115184
8986
33458
142331
108003
25132
158943
18770
155326
56617
40303
62349
66262
24050
143400
151664
94140
131219
39848
158233
25877
138725
58405
107458
116430
34400
139333
2018
110494
9421
146491
83924
11637
80183
141703
110074
109965
81050
65565
72348
62962
120934
54469
45903
74656
31268
137868
39967
142156
22031
93048
12943
39518
128683
115714
77510
41628
19569
11912
100603
112980
4091
79186
54995
56897
29690
69061
2355
16641
134248
60791
38456
33112
45116
81036
92987
112755
6323
150940
128404
121507
3567
73294
68289
78489
138108
141660
42988
22020
148234
147444
100846
8181
28172
48935
24149
139342
153329
62521
139302
59028
6153
63701
108949
97930
40473
38668
47444
122613
92832
117239
145219
85875
106824
108942
89026
131188
116277
24504
26958
10167
102508
146758
138966
57444
93226
124020
93780
11816
118712
55071
16763
105235
149878
11135
2662
116158
131356
38123
119211
49581
133427
5164
11453
30710
1120
99529
90494
45303
64701
123600
47750
148931
92469
95557
59778
50716
50721
50513
123513
75065
75549
107941
121145
27594
155557
46542
28166
133405
47223
33332
128497
28950
125823
29309
60313
128554
107000
58694
66363
47898
134702
77416
109462
29276
122803
46686
134644
9730
17270
32046
8064
18943
113677
12741
122366
156510
111365
23204
94188
9875
99655
119214
11258
71289
74193
93475
49673
145167
19192
87657
41116
139050
29738
135615
141710
38675
24079
92789
33833
75725
152336
61197
108840
115311
96014
703
28682
87048
62497
49934
123243
71795
69653
112761
124146
99238
139014
151797
149418
124965
115910
8202
101387
122483
140362
75898
109898
825
156900
152701
49754
31740
121163
108311
4208
47536
81595
117924
36128
76547
82596
155394
138972
112219
20532
71778
44291
58402
140906
151571
27505
108289
13192
144900
151241
126098
29957
108684
27380
80919
101980
41041
8950
92832
93583
143652
140438
58591
129932
87228
92964
155656
11089
46792
35692
1837
61089
56445
151852
37216
100516
154679
61292
71159
14489
29543
31526
34656
53175
62817
135468
125752
100130
67343
78107
384
121519
108264
73012
14199
37975
24951
63586
12027
147467
93785
58821
74200
16474
145923
57521
35471
36769
36759
40837
7551
71179
157067
24045
16848
100189
77062
118499
135498
102834
4512
107490
82924
86031
103058
16296
37000
24019
112489
148426
57149
52453
121232
13540
142888
58713
108138
108567
149023
16406
27561
68277
134345
90647
141037
57827
99854
119028
123397
105596
106589
83188
96938
16718
116803
129497
6511
70651
142985
85929
118170
5295
56375
87134
119603
12502
65364
58342
23149
145981
76630
148583
76357
28429
88747
147056
158382
90929
128401
9678
127551
88521
106840
146807
96512
145584
33769
82255
141814
28657
119362
90715
93790
147436
136486
91567
89055
52295
64037
128426
152094
8766
146108
34073
57665
73580
40200
56928
18932
79384
127932
141563
84193
21286
124952
41339
47985
17073
111277
72444
21350
47893
36970
50582
11788
158798
103188
7465
25031
2128
94382
52299
77631
4679
52691
43788
72121
133359
16760
47342
69814
567
109926
46015
50414
145480
46570
123646
134314
92478
2162
85326
34943
89964
143799
148484
149787
56351
131209
52136
145801
122380
125248
85674
117588
130243
15644
77148
97546
47889
33793
55994
120975
58118
13343
31752
17016
54517
27947
54277
90649
64343
122419
30130
112947
125128
138349
152051
81256
73711
76738
150227
124002
59024
62309
75231
8047
135258
152454
36293
102598
150254
125008
87473
47498
17831
127407
12917
98555
143773
7060
158922
138514
94992
113727
70325
34
138131
114173
134962
115805
84321
73683
110874
138940
70202
47090
24045
45313
116413
75263
67143
60372
26009
120319
137795
22525
135984
90289
93512
147159
65955
40644
96467
18757
87834
97073
45027
115555
130373
97679
137933
143666
125386
63577
50264
90088
114072
35772
84735
7502
104629
35269
45695
76294
90802
87294
98319
51646
113922
69595
34810
83076
157928
91735
82180
147478
126996
44952
151109
149502
130442
35870
118427
84252
73870
38734
95674
115375
83844
6581
55904
43146
149868
144271
157074
150602
64403
8267
32383
77414
14765
22241
83868
5117
87353
64090
54272
65928
71920
103378
4758
94540
98106
142212
86241
157182
5436
105505
28533
141218
34002
30943
131718
10021
65036
111770
48790
56182
85495
88537
106070
31052
51868
97567
13257
62011
100849
33406
118963
16292
61502
123240
114517
59919
52470
28687
116092
66103
81865
146097
76793
16817
61512
53477
37606
120047
31728
56235
8162
39249
59687
92530
63376
76812
4749
26768
21995
35492
120480
150966
148533
41916
21298
126419
53126
64689
105516
58195
109041
112718
73076
120570
142341
104104
97896
13010
19901
69529
94908
92557
64045
61292
119796
150536
38396
150332
119669
672
57264
118554
40468
117521
154709
79642
72220
110201
35992
67817
62460
151855
52009
105883
144632
113144
9454
72239
88607
106263
20607
122625
80952
68262
85525
120234
158415
47618
81606
11089
78351
79625
115537
70314
7484
136075
30960
151411
105845
46014
68975
46576
84009
101580
127955
150022
80852
9976
118861
132838
100518
50360
34362
69910
16357
94798
113690
34041
111296
155854
9687
127333
124723
146372
13775
71701
36132
76561
154052
150428
67572
74506
129983
91036
138526
77420
43651
108724
8290
63488
38159
66802
132745
32727
139669
127822
108368
46990
73652
15635
139853
35675
9811
103557
94900
151487
123776
64687
11482
36614
63096
138500
117069
69271
55954
114412
155963
6053
125597
141980
153197
80677
26956
152632
151136
75328
27817
49104
148426
20446
115503
41596
44266
47833
78195
84835
100214
9841
147306
148325
108311
52612
102587
57774
83157
106799
123702
116762
18302
103562
131884
117811
49996
1859
85946
141967
48333
154474
44087
12418
62358
6
152730
44180
18503
150806
10135
157198
141900
19513
108835
119075
102152
46413
153413
94040
66992
59237
34998
105589
143316
111133
131259
78935
46231
152188
59509
134049
57508
64560
23283
24718
151487
45253
85194
154894
42338
22793
137352
14259
9369
47696
118604
135703
19690
39150
132214
84473
4910
143436
48978
49282
108987
68388
24206
100524
125250
156456
4818
26593
71523
54026
7840
26945
78619
81708
109374
27975
147784
29923
37214
76312
116207
97817
35213
144970
118041
141926
71072
145337
78044
117608
81766
93362
54234
120333
24504
59565
149702
125719
106522
8167
110867
69995
34282
129150
23659
55720
35812
106671
21162
74450
27782
47056
125281
6032
2707
32919
85484
51430
25442
37962
76974
105313
66262
12807
21503
12435
88540
158488
31617
115422
61254
85779
57049
98071
64851
61705
20322
85403
154617
110269
100856
130360
144443
11838
59956
116067
7496
47444
26911
67068
135580
61035
42261
22442
31617
25508
5731
12730
23088
62380
1417
156179
132821
75528
16063
152371
111540
87046
49796
29957
46919
66808
92899
41870
66166
5542
11183
103014
35447
37099
48368
70884
157204
22449
4685
17662
135880
145139
158954
10301
74688
116140
80877
87172
32147
26798
82948
105811
96433
120033
104242
89321
51095
112401
118998
19738
29221
116562
44197
135826
141800
61358
144351
108308
132596
44470
67759
107400
148572
51067
47093
156106
145558
95171
47216
122288
58157
125307
78431
154887
6961
142198
105297
61152
131818
5814
57146
158938
131657
26979
137036
151122
84400
46502
78505
138090
32620
128347
99045
43977
35525
47853
151054
51168
131431
127707
41101
51843
77628
98403
25286
147657
11175
156556
6211
132012
143506
60870
10979
111198
91799
5732
8082
22782
129147
76438
104231
120851
28628
52089
118910
148816
4753
42323
26155
130246
117491
94555
40237
42861
3640
60600
85937
44163
145524
148461
32155
8887
39397
16355
63792
46303
5230
143221
96756
9165
103317
135651
48642
74765
30788
106070
146799
125521
147969
13590
140436
150542
147539
23857
71266
48224
84108
33201
137691
2911
59788
52394
43874
63377
155685
90984
99529
53897
155685
42533
21557
40325
61000
136054
154308
118645
84298
2308
81301
85988
124353
136820
80043
44953
89106
144443
131803
1005
70828
84634
41076
154608
116194
99665
105679
5149
88648
131291
101347
110463
56107
131937
96035
42202
151524
124737
154553
143554
1455
142133
10050
142241
40377
153628
128607
32147
66930
25151
7588
139760
145412
34705
18719
18922
14639
31073
30302
112459
113629
24527
158371
156052
122177
55971
6669
111044
118293
23023
9679
7787
130417
82329
124469
136248
104746
45872
5732
26429
149306
65311
95796
94943
79061
77355
126069
54003
12331
29758
113079
52433
132860
145705
90477
62459
71306
142847
83996
31729
109086
43650
1823
46390
153180
146056
144509
76628
67940
84384
78889
138161
67555
145243
45710
76649
109196
26355
124059
123945
5572
59911
47646
90969
113422
148661
39376
68031
47181
76090
153430
78946
27332
73579
115298
20080
29137
62145
21822
66027
37197
121641
64300
91233
123546
27757
85997
32965
65963
145309
85852
92659
49305
115563
76849
113476
140926
82463
9468
81532
87160
301
102287
112828
132494
34999
116698
93059
147752
121878
2851
107876
134756
144545
70004
157509
96928
123158
855
134118
98180
4507
35559
58330
86168
155259
40205
101266
67475
103448
1869
105430
103382
129419
75810
156658
149035
7272
108411
157137
3016
111948
51414
91190
131674
51987
106712
78712
125019
88331
130601
120307
81774
138482
99048
151967
74765
66724
76510
8903
143838
72971
53532
15221
88166
22560
9594
7425
155458
91648
132449
153300
28099
150750
88709
146079
106667
96091
125083
147042
111244
79967
145825
9291
28414
89189
117879
87440
10287
33745
80649
28687
29068
103639
152153
148995
4894
26796
48373
109626
153742
1504
78556
33447
117080
129461
135964
7291
46534
131204
22720
119200
97679
84088
140099
118402
39035
8563
115714
34568
22423
148403
47845
30874
92473
73345
82756
35658
51737
115661
13634
70292
17113
14376
81262
43422
89254
124911
110090
90203
37233
103811
41422
117227
123626
23529
144207
24382
6214
123288
32442
2065
18290
18229
141604
111709
95480
24665
95905
98087
134077
14799
67043
134828
121096
29002
148885
94712
77852
25192
99623
17110
30508
6764
95780
25708
81402
122190
16390
36450
115951
138759
80401
149424
113538
105115
85937
80855
40598
10985
115714
2148
12209
24529
13549
86251
75366
6015
75146
149243
59433
10800
30118
131798
9293
86972
128602
67004
10171
49932
135897
141321
105769
112129
28977
76419
80476
12525
112094
35148
30590
129301
130757
49141
99865
64220
46897
16454
152102
92360
24718
8515
133487
77395
109096
700
59059
30627
150765
71573
22950
69674
29816
20678
18039
15304
69600
29440
78905
37916
7623
129983
46663
38787
107136
32758
73092
78410
24865
74326
133877
8782
60600
110017
122523
126897
85482
59197
138615
14518
59756
70286
38425
64114
35080
150660
4772
39491
85807
49987
16547
134326
78313
82965
147867
65077
3847
43544
12465
120918
116251
124668
67333
120835
13255
86765
49910
78219
50738
140637
129369
70253
5363
115529
106805
22971
69869
113191
51062
58084
150270
12864
12741
48650
102391
91397
38825
94555
73305
149095
153273
149841
121718
56872
22489
94658
89643
33160
152041
100178
100818
1038
68733
63390
116149
146130
152153
152844
94583
136497
126496
101292
70466
8260
101627
57243
98932
68371
124362
10877
53038
108413
146381
87036
61724
103520
9330
19915
45254
32077
65348
53873
120011
138810
149128
51156
41724
156424
2315
96659
16039
100161
16976
62428
89253
148653
21059
44947
80142
11351
118957
32232
141427
44188
38351
155424
12744
62302
75101
151558
59117
140601
8836
89297
15723
152690
15768
29774
131882
66279
57359
70071
128903
37276
29962
145362
115044
116563
135237
80829
99514
70703
125101
158268
60444
133652
19263
65414
155441
105217
88709
99340
37914
127742
25203
58148
59724
107298
81454
155562
60320
79545
35447
60685
82929
82442
134777
104033
112209
36859
34639
110224
40691
27352
34533
134933
103043
135041
82833
99339
156643
33423
95182
133725
110864
154285
133629
106600
48471
27834
65334
115845
50707
118991
116723
25507
49267
9371
133959
127561
67550
86376
61521
82649
154445
111639
136458
21575
13365
3024
132729
65771
103510
16248
63756
18358
66429
9769
147015
81552
12367
16099
103199
105975
96530
33316
103228
110862
5444
118961
127680
155624
145622
34950
154351
30927
15349
61385
106078
121498
27347
56620
156744
53023
106202
145622
136884
1833
45035
107859
91400
112874
43566
56212
151109
34345
128210
58402
29894
153253
17522
137864
20076
1931
94393
70942
29753
40030
96878
71801
76105
119083
121331
100929
139896
91069
37913
149087
24137
73926
154499
155493
43350
143593
23810
122874
53369
158707
84795
95243
135101
44947
8073
70670
52009
25848
142563
22388
97488
24414
70359
118110
35531
2853
47518
121432
118709
23503
22092
112165
115509
41835
34245
79317
156098
111022
80456
118234
150512
10811
149466
135253
103950
117399
154930
97282
122380
137404
106380
75966
31168
83355
7123
72225
89663
10498
121032
137587
102811
49646
123116
65419
22726
110325
93886
139056
112616
76793
90937
158389
50360
80415
99502
37005
141658
68504
122042
49339
25980
61177
90378
146758
121234
43827
124913
23034
108988
47449
67078
861
129273
44319
144856
22390
17750
6175
101569
21234
11712
17108
129055
123665
36809
82685
48140
113314
69792
4683
6646
76645
126403
134183
60928
77826
118108
153263
91157
68054
37435
123149
103317
38916
136522
48359
118216
68221
76941
117898
23850
29663
83893
131381
24850
94125
62007
10397
64351
100036
117153
56193
142725
99877
19609
72740
28900
94794
54804
82840
64009
67621
127419
126109
152167
14089
5175
31752
115759
33481
55387
139822
154566
73594
115215
106961
49660
87127
47117
96723
138871
79961
151338
95709
17882
33775
56846
96867
71876
89165
14877
144275
102022
24522
73033
98202
25318
152608
94968
126249
123793
140966
110375
21284
153260
135097
33216
68714
62868
25898
64018
17493
4312
75388
109011
16353
72023
48633
57079
99544
47393
42905
53569
111325
98939
125757
124310
63951
95844
131188
25336
45028
61049
154585
76843
131179
41082
18907
58722
149525
47003
88083
66071
103435
128056
99417
2503
9384
112433
120645
113293
28687
76965
110241
21336
141729
58350
61814
115775
53643
32573
108156
6526
158360
40040
29137
119246
75191
13271
144781
36313
111116
109578
65533
65211
7911
125050
129445
9657
107513
26750
128759
63300
67164
141651
101351
115186
5412
135147
71644
82399
88204
139005
88491
107247
969
96239
37001
11238
157166
68698
33759
137096
45746
78316
14915
3913
36720
59972
65567
138104
156271
42351
88799
111022
129456
155371
50431
23674
51748
82487
149634
147298
75180
4743
105225
13157
150999
140939
128298
74301
66891
41850
77703
76771
34943
30923
150099
63577
93702
45731
78838
154203
73235
64235
153243
96703
12833
8264
19325
147544
124214
74663
31157
117196
95502
64155
3389
123949
59451
108680
124726
103211
155413
113378
48186
122899
115551
12134
42962
10903
122419
9084
64452
4227
46582
72625
135344
145130
139346
34739
117343
12684
74832
107318
48319
18072
41893
127420
74651
9871
95850
71374
57749
133596
120723
93067
91702
19441
30919
2472
33022
23024
22169
26653
10062
154219
29935
49280
149873
54551
97419
138465
91801
98194
119263
93158
8671
95978
77606
7218
59647
20159
90627
137042
88089
35022
32318
93235
42163
73331
29230
94080
114142
31238
21761
144173
27196
72183
41943
100895
121307
44797
38103
60517
60753
132394
69930
85090
133418
27179
131519
50878
148375
8538
66066
72670
104
21571
94597
124486
37766
106189
95956
156832
15366
13456
41124
149720
18255
138733
10988
24744
29313
60668
140699
42101
2264
130311
55098
116215
118501
100992
134996
131884
135318
154959
55257
45989
129079
26705
91156
66868
28172
12721
33060
134305
95321
148313
135880
124206
154472
64506
88140
44477
142079
66167
118200
68683
17404
24243
33062
124457
29547
83337
35341
79876
62334
25123
81023
97167
83159
144113
88279
120096
102439
93330
98764
71945
60774
85236
67889
89553
114545
39472
61782
148559
146578
102056
34681
149742
69722
112633
43651
20732
74806
108411
55024
60435
120987
139896
95079
100255
112311
107347
122584
117409
62001
93670
91772
16571
159028
104500
37348
100735
156032
136269
138737
155681
106501
144251
71042
42576
64854
102378
5959
79897
107939
68939
116390
114146
137022
16567
59670
144456
128804
73800
2424
137435
137981
131343
107869
119603
73105
158668
105905
43947
32643
24660
155557
136527
2162
87306
90307
69460
99703
158668
151627
140787
20389
23521
75748
38530
68181
59642
30727
35714
148936
56975
157113
10700
31723
75834
13525
92229
158434
153549
28044
129653
34213
2136
45198
71504
25992
16355
91215
52218
11155
28784
134835
106485
121932
111743
26289
51732
117069
141397
54905
140758
44257
75454
144856
84252
20347
50103
12739
60042
102577
19515
123393
131870
98262
22169
94362
59979
31954
79853
40584
76342
54603
6327
108187
20978
133488
721
55819
75729
139940
145968
97363
5740
137234
116474
130452
60774
109374
30354
145273
136957
139900
63134
150433
57537
28591
36294
101586
156588
44583
57800
97959
136454
140683
95638
121868
29922
20274
55189
15554
128685
106646
128008
83898
15287
100087
23105
151487
111396
105178
45804
12910
1386
20445
82047
79764
19460
59919
44365
74384
142967
135776
70258
79996
78712
98711
152141
31098
133499
69137
19370
108347
110274
133224
50617
41353
98824
40915
34202
54024
53501
731
77345
11720
64703
139980
122094
138113
77991
50883
134933
48622
40847
72672
99830
30729
69646
43085
151193
86476
137363
65238
100904
108604
47421
11708
49065
128099
77710
106160
142637
141541
10592
80794
150325
96902
104873
149411
33536
64396
13659
131069
68202
158573
59385
89408
141761
153228
31913
130038
7201
147293
105498
123698
118722
148507
98389
21423
159114
97463
108961
23581
138047
102921
81750
35207
75864
49222
336
97525
129794
140869
89327
63525
